1 0 72 1 0.68789077 STANDARD
1 0 171 2 0.59809434 STANDARD
1 0 181 3 0.4832908 STANDARD
1 0 13 4 0.2471169 STANDARD
1 0 506 5 0.23561992 STANDARD
1 0 180 6 0.22807887 STANDARD
1 0 509 7 0.21865244 STANDARD
1 0 511 8 0.19832633 STANDARD
1 0 184 9 0.18698385 STANDARD
1 0 500 10 0.18032408 STANDARD
1 0 507 11 0.16861221 STANDARD
1 0 501 12 0.15461063 STANDARD
1 0 510 13 0.14242393 STANDARD
1 0 502 14 0.1389302 STANDARD
1 0 138 15 0.13508748 STANDARD
1 0 503 16 0.1325234 STANDARD
1 0 168 17 0.124085784 STANDARD
1 0 360 18 0.12140944 STANDARD
1 0 508 19 0.11043616 STANDARD
1 0 504 20 0.10484077 STANDARD
1 0 206 21 0.09898312 STANDARD
1 0 838 22 0.097681426 STANDARD
1 0 965 23 0.0959826 STANDARD
1 0 645 24 0.093813956 STANDARD
1 0 127 25 0.07931998 STANDARD
1 0 403 26 0.07870168 STANDARD
1 0 125 27 0.06940498 STANDARD
1 0 231 28 0.06940498 STANDARD
1 0 166 29 0.06005498 STANDARD
1 0 513 30 0.06005498 STANDARD
1 0 15 31 0.05350123 STANDARD
1 0 185 32 0.05350123 STANDARD
1 0 41 33 0.052467786 STANDARD
1 0 542 34 0.052467786 STANDARD
1 0 79 35 0.05242029 STANDARD
1 0 167 36 0.05242029 STANDARD
1 0 169 37 0.05242029 STANDARD
1 0 170 38 0.05242029 STANDARD
1 0 727 39 0.051509663 STANDARD
1 0 182 40 0.050755724 STANDARD
1 0 469 41 0.04957499 STANDARD
1 0 259 42 0.046906978 STANDARD
1 0 164 43 0.045867752 STANDARD
1 0 186 44 0.042800985 STANDARD
1 0 211 45 0.042800985 STANDARD
1 0 212 46 0.042800985 STANDARD
1 0 175 47 0.041071635 STANDARD
1 0 986 48 0.037879452 STANDARD
1 0 142 49 0.037831083 STANDARD
1 0 172 50 0.037831083 STANDARD
1 0 512 51 0.037831083 STANDARD
1 0 499 52 0.037066743 STANDARD
1 0 336 53 0.03593768 STANDARD
1 0 14 54 0.032762684 STANDARD
1 0 165 55 0.032762684 STANDARD
1 0 183 56 0.032762684 STANDARD
1 0 896 57 0.027705278 STANDARD
1 0 637 58 0.027663242 STANDARD
1 0 11 59 0.026515618 STANDARD
1 0 763 60 0.026515618 STANDARD
1 0 899 61 0.026515618 STANDARD
1 0 213 62 0.026481759 STANDARD
1 0 177 63 0.026243655 STANDARD
1 0 549 64 0.025669772 STANDARD
1 0 9 65 0.024742756 STANDARD
1 0 178 66 0.024742756 STANDARD
1 0 401 67 0.024742756 STANDARD
1 0 869 68 0.024742756 STANDARD
1 0 870 69 0.024742756 STANDARD
1 0 873 70 0.024742756 STANDARD
1 0 58 71 0.024451083 STANDARD
1 0 173 72 0.022727674 STANDARD
1 0 174 73 0.022727674 STANDARD
1 0 256 74 0.022727674 STANDARD
1 0 540 75 0.022727674 STANDARD
1 0 505 76 0.022698652 STANDARD
1 0 156 77 0.022164222 STANDARD
1 0 374 78 0.022164222 STANDARD
1 0 383 79 0.022164222 STANDARD
1 0 464 80 0.022164222 STANDARD
1 0 685 81 0.022164222 STANDARD
1 0 835 82 0.022164222 STANDARD
1 0 99 83 0.021869712 STANDARD
1 0 606 84 0.021869712 STANDARD
1 0 163 85 0.02164991 STANDARD
1 0 215 86 0.02164991 STANDARD
1 0 404 87 0.02164991 STANDARD
1 0 578 88 0.02164991 STANDARD
1 0 654 89 0.02164991 STANDARD
1 0 112 90 0.019590588 STANDARD
1 0 913 91 0.019590588 STANDARD
1 0 65 92 0.019560866 STANDARD
1 0 570 93 0.019560866 STANDARD
1 0 220 94 0.019393694 STANDARD
1 0 262 95 0.019393694 STANDARD
1 0 442 96 0.019393694 STANDARD
1 0 849 97 0.019393694 STANDARD
1 0 981 98 0.019393694 STANDARD
1 0 209 99 0.018939726 STANDARD
1 0 541 100 0.018939726 STANDARD
2 0 258 1 0.541417 STANDARD
2 0 162 2 0.4924003 STANDARD
2 0 418 3 0.255398 STANDARD
2 0 289 4 0.23154937 STANDARD
2 0 712 5 0.22296305 STANDARD
2 0 236 6 0.22105932 STANDARD
2 0 235 7 0.19069582 STANDARD
2 0 724 8 0.18978639 STANDARD
2 0 713 9 0.18915884 STANDARD
2 0 413 10 0.1660631 STANDARD
2 0 291 11 0.1590813 STANDARD
2 0 960 12 0.1560945 STANDARD
2 0 723 13 0.14064172 STANDARD
2 0 299 14 0.13889174 STANDARD
2 0 237 15 0.12409192 STANDARD
2 0 90 16 0.11471937 STANDARD
2 0 290 17 0.11471937 STANDARD
2 0 187 18 0.10825966 STANDARD
2 0 80 19 0.09754971 STANDARD
2 0 256 20 0.096775316 STANDARD
2 0 669 21 0.09224421 STANDARD
2 0 974 22 0.09216684 STANDARD
2 0 64 23 0.08833199 STANDARD
2 0 760 24 0.086734846 STANDARD
2 0 715 25 0.08279868 STANDARD
2 0 294 26 0.082526855 STANDARD
2 0 708 27 0.07957998 STANDARD
2 0 296 28 0.07786413 STANDARD
2 0 313 29 0.06903855 STANDARD
2 0 292 30 0.06821797 STANDARD
2 0 128 31 0.066692606 STANDARD
2 0 272 32 0.06349065 STANDARD
2 0 293 33 0.06254335 STANDARD
2 0 379 34 0.059084307 STANDARD
2 0 979 35 0.059067223 STANDARD
2 0 420 36 0.058955636 STANDARD
2 0 988 37 0.058338832 STANDARD
2 0 422 38 0.057807565 STANDARD
2 0 96 39 0.057696346 STANDARD
2 0 930 40 0.057094857 STANDARD
2 0 411 41 0.05432438 STANDARD
2 0 409 42 0.05267366 STANDARD
2 0 297 43 0.052092955 STANDARD
2 0 410 44 0.051851664 STANDARD
2 0 3 45 0.047129605 STANDARD
2 0 880 46 0.04634482 STANDARD
2 0 824 47 0.046122342 STANDARD
2 0 601 48 0.044265322 STANDARD
2 0 836 49 0.042522248 STANDARD
2 0 1029 50 0.04060288 STANDARD
2 0 301 51 0.0402766 STANDARD
2 0 192 52 0.03989228 STANDARD
2 0 697 53 0.039231326 STANDARD
2 0 295 54 0.03695609 STANDARD
2 0 127 55 0.03452254 STANDARD
2 0 637 56 0.034453984 STANDARD
2 0 315 57 0.033401687 STANDARD
2 0 465 58 0.03261921 STANDARD
2 0 563 59 0.032290567 STANDARD
2 0 692 60 0.031856146 STANDARD
2 0 848 61 0.031210905 STANDARD
2 0 189 62 0.03114381 STANDARD
2 0 982 63 0.03026191 STANDARD
2 0 417 64 0.029898364 STANDARD
2 0 457 65 0.02906851 STANDARD
2 0 992 66 0.028841823 STANDARD
2 0 679 67 0.027927838 STANDARD
2 0 356 68 0.027904445 STANDARD
2 0 414 69 0.027850805 STANDARD
2 0 658 70 0.027471328 STANDARD
2 0 85 71 0.027242659 STANDARD
2 0 321 72 0.02690383 STANDARD
2 0 964 73 0.026740942 STANDARD
2 0 209 74 0.026610665 STANDARD
2 0 549 75 0.026610665 STANDARD
2 0 312 76 0.026593706 STANDARD
2 0 139 77 0.026342329 STANDARD
2 0 269 78 0.026330618 STANDARD
2 0 88 79 0.025533618 STANDARD
2 0 259 80 0.024844602 STANDARD
2 0 118 81 0.024765663 STANDARD
2 0 249 82 0.024665724 STANDARD
2 0 389 83 0.024616985 STANDARD
2 0 5 84 0.024217926 STANDARD
2 0 251 85 0.024061576 STANDARD
2 0 507 86 0.02381944 STANDARD
2 0 965 87 0.023409745 STANDARD
2 0 662 88 0.02303929 STANDARD
2 0 995 89 0.022766259 STANDARD
2 0 121 90 0.022749377 STANDARD
2 0 327 91 0.022706788 STANDARD
2 0 386 92 0.022687037 STANDARD
2 0 881 93 0.022670796 STANDARD
2 0 109 94 0.022456683 STANDARD
2 0 332 95 0.021756288 STANDARD
2 0 78 96 0.021144852 STANDARD
2 0 255 97 0.020988813 STANDARD
2 0 307 98 0.020634279 STANDARD
2 0 381 99 0.020634279 STANDARD
2 0 978 100 0.020634279 STANDARD
3 0 160 1 0.7583094 STANDARD
3 0 277 2 0.7312391 STANDARD
3 0 62 3 0.6853618 STANDARD
3 0 230 4 0.6792225 STANDARD
3 0 286 5 0.6501277 STANDARD
3 0 71 6 0.64426893 STANDARD
3 0 234 7 0.6207317 STANDARD
3 0 276 8 0.6207317 STANDARD
3 0 70 9 0.5951921 STANDARD
3 0 78 10 0.48954412 STANDARD
3 0 186 11 0.4558637 STANDARD
3 0 11 12 0.44372207 STANDARD
3 0 408 13 0.28491482 STANDARD
3 0 282 14 0.23591453 STANDARD
3 0 275 15 0.21995004 STANDARD
3 0 407 16 0.20776577 STANDARD
3 0 59 17 0.17020735 STANDARD
3 0 266 18 0.1688534 STANDARD
3 0 906 19 0.16313963 STANDARD
3 0 403 20 0.13751602 STANDARD
3 0 632 21 0.13751602 STANDARD
3 0 856 22 0.12186755 STANDARD
3 0 394 23 0.12024575 STANDARD
3 0 288 24 0.085026585 STANDARD
3 0 344 25 0.058322996 STANDARD
3 0 141 26 0.05798186 STANDARD
3 0 523 27 0.05798186 STANDARD
3 0 285 28 0.046385493 STANDARD
3 0 774 29 0.046385493 STANDARD
3 0 341 30 0.04491256 STANDARD
3 0 172 31 0.044644244 STANDARD
3 0 69 32 0.041240588 STANDARD
3 0 163 33 0.040587306 STANDARD
3 0 67 34 0.037873596 STANDARD
3 0 248 35 0.037873596 STANDARD
3 0 281 36 0.037873596 STANDARD
3 0 405 37 0.037873596 STANDARD
3 0 464 38 0.037873596 STANDARD
3 0 982 39 0.037873596 STANDARD
3 0 1003 40 0.037873596 STANDARD
3 0 784 41 0.037427135 STANDARD
3 0 913 42 0.036451872 STANDARD
3 0 654 43 0.036085512 STANDARD
3 0 1017 44 0.035664175 STANDARD
3 0 38 45 0.03478912 STANDARD
3 0 209 46 0.033475846 STANDARD
3 0 93 47 0.033139396 STANDARD
3 0 143 48 0.030930443 STANDARD
3 0 619 49 0.030930443 STANDARD
3 0 287 50 0.029941708 STANDARD
3 0 258 51 0.02899093 STANDARD
3 0 399 52 0.02899093 STANDARD
3 0 468 53 0.028405195 STANDARD
3 0 524 54 0.028405195 STANDARD
3 0 178 55 0.026780678 STANDARD
3 0 232 56 0.026780678 STANDARD
3 0 278 57 0.026780678 STANDARD
3 0 406 58 0.026780678 STANDARD
3 0 525 59 0.026780678 STANDARD
3 0 466 60 0.025775367 STANDARD
3 0 508 61 0.025775367 STANDARD
3 0 748 62 0.025775367 STANDARD
3 0 73 63 0.023671 STANDARD
3 0 207 64 0.023671 STANDARD
3 0 400 65 0.023671 STANDARD
3 0 411 66 0.023671 STANDARD
3 0 736 67 0.023671 STANDARD
3 0 51 68 0.023433093 STANDARD
3 0 111 69 0.023433093 STANDARD
3 0 208 70 0.023433093 STANDARD
3 0 210 71 0.023433093 STANDARD
3 0 231 72 0.023433093 STANDARD
3 0 233 73 0.023433093 STANDARD
3 0 404 74 0.023433093 STANDARD
3 0 259 75 0.023192747 STANDARD
3 0 94 76 0.020085508 STANDARD
3 0 173 77 0.020085508 STANDARD
3 0 176 78 0.020085508 STANDARD
3 0 177 79 0.020085508 STANDARD
3 0 179 80 0.020085508 STANDARD
3 0 245 81 0.020085508 STANDARD
3 0 253 82 0.020085508 STANDARD
3 0 297 83 0.020085508 STANDARD
3 0 342 84 0.020085508 STANDARD
3 0 402 85 0.020085508 STANDARD
3 0 467 86 0.020085508 STANDARD
3 0 638 87 0.020085508 STANDARD
3 0 720 88 0.020085508 STANDARD
3 0 75 89 0.018936798 STANDARD
3 0 23 90 0.016737923 STANDARD
3 0 64 91 0.016737923 STANDARD
3 0 274 92 0.016737923 STANDARD
3 0 283 93 0.016737923 STANDARD
3 0 422 94 0.016737923 STANDARD
3 0 459 95 0.016737923 STANDARD
3 0 460 96 0.016737923 STANDARD
3 0 473 97 0.015465221 STANDARD
3 0 41 98 0.013390339 STANDARD
3 0 458 99 0.013390339 STANDARD
3 0 640 100 0.013390339 STANDARD
4 0 234 1 0.831431 STANDARD
4 0 405 2 0.56256866 STANDARD
4 0 209 3 0.52950704 STANDARD
4 0 177 4 0.5231694 STANDARD
4 0 179 5 0.4548002 STANDARD
4 0 94 6 0.416919 STANDARD
4 0 175 7 0.4132579 STANDARD
4 0 156 8 0.38510978 STANDARD
4 0 654 9 0.37536964 STANDARD
4 0 173 10 0.34200418 STANDARD
4 0 396 11 0.30378255 STANDARD
4 0 67 12 0.28708673 STANDARD
4 0 407 13 0.28678846 STANDARD
4 0 913 14 0.24058652 STANDARD
4 0 208 15 0.24015516 STANDARD
4 0 206 16 0.20865159 STANDARD
4 0 642 17 0.20210585 STANDARD
4 0 281 18 0.1935197 STANDARD
4 0 207 19 0.17291108 STANDARD
4 0 93 20 0.14489228 STANDARD
4 0 274 21 0.14271253 STANDARD
4 0 523 22 0.14087638 STANDARD
4 0 400 23 0.12935343 STANDARD
4 0 394 24 0.120949805 STANDARD
4 0 534 25 0.11802608 STANDARD
4 0 178 26 0.09640349 STANDARD
4 0 38 27 0.094538264 STANDARD
4 0 230 28 0.09386257 STANDARD
4 0 59 29 0.09203974 STANDARD
4 0 525 30 0.09203974 STANDARD
4 0 787 31 0.09037881 STANDARD
4 0 176 32 0.08781798 STANDARD
4 0 784 33 0.08507367 STANDARD
4 0 905 34 0.08441543 STANDARD
4 0 210 35 0.08435305 STANDARD
4 0 532 36 0.083056144 STANDARD
4 0 456 37 0.07908146 STANDARD
4 0 70 38 0.07868982 STANDARD
4 0 406 39 0.07868982 STANDARD
4 0 403 40 0.077144936 STANDARD
4 0 755 41 0.077144936 STANDARD
4 0 541 42 0.07420859 STANDARD
4 0 160 43 0.07345072 STANDARD
4 0 652 44 0.07195299 STANDARD
4 0 397 45 0.07190117 STANDARD
4 0 399 46 0.07043819 STANDARD
4 0 62 47 0.068853594 STANDARD
4 0 259 48 0.06814738 STANDARD
4 0 108 49 0.064287454 STANDARD
4 0 433 50 0.061629575 STANDARD
4 0 286 51 0.059017368 STANDARD
4 0 402 52 0.059017368 STANDARD
4 0 638 53 0.059017368 STANDARD
4 0 720 54 0.059017368 STANDARD
4 0 78 55 0.057524838 STANDARD
4 0 556 56 0.055370763 STANDARD
4 0 702 57 0.055370763 STANDARD
4 0 141 58 0.05029472 STANDARD
4 0 71 59 0.04918114 STANDARD
4 0 283 60 0.04918114 STANDARD
4 0 716 61 0.04844942 STANDARD
4 0 401 62 0.047761343 STANDARD
4 0 643 63 0.04325209 STANDARD
4 0 648 64 0.04325209 STANDARD
4 0 641 65 0.041878663 STANDARD
4 0 775 66 0.041528072 STANDARD
4 0 285 67 0.040235776 STANDARD
4 0 774 68 0.040235776 STANDARD
4 0 341 69 0.038958125 STANDARD
4 0 398 70 0.03784558 STANDARD
4 0 656 71 0.03784558 STANDARD
4 0 910 72 0.03784558 STANDARD
4 0 976 73 0.03784558 STANDARD
4 0 190 74 0.037457414 STANDARD
4 0 163 75 0.035206303 STANDARD
4 0 214 76 0.03460673 STANDARD
4 0 965 77 0.03460673 STANDARD
4 0 989 78 0.03460673 STANDARD
4 0 992 79 0.03460673 STANDARD
4 0 540 80 0.0341846 STANDARD
4 0 248 81 0.032852374 STANDARD
4 0 464 82 0.032852374 STANDARD
4 0 982 83 0.032852374 STANDARD
4 0 1003 84 0.032852374 STANDARD
4 0 96 85 0.03222955 STANDARD
4 0 908 86 0.031953737 STANDARD
4 0 911 87 0.03121451 STANDARD
4 0 1012 88 0.03121451 STANDARD
4 0 634 89 0.030900788 STANDARD
4 0 644 90 0.030900788 STANDARD
4 0 299 91 0.029604733 STANDARD
4 0 282 92 0.028450992 STANDARD
4 0 684 93 0.028200857 STANDARD
4 0 15 94 0.027032558 STANDARD
4 0 658 95 0.027032558 STANDARD
4 0 862 96 0.026723333 STANDARD
4 0 295 97 0.026647303 STANDARD
4 0 632 98 0.026486387 STANDARD
4 0 651 99 0.026486387 STANDARD
4 0 287 100 0.025972081 STANDARD
5 0 8 1 1.2061406 STANDARD
5 0 329 2 0.89954257 STANDARD
5 0 326 3 0.7344455 STANDARD
5 0 327 4 0.49337628 STANDARD
5 0 333 5 0.4578648 STANDARD
5 0 7 6 0.45483944 STANDARD
5 0 10 7 0.44607583 STANDARD
5 0 332 8 0.40746993 STANDARD
5 0 325 9 0.37048927 STANDARD
5 0 308 10 0.37027788 STANDARD
5 0 331 11 0.36127964 STANDARD
5 0 159 12 0.35649154 STANDARD
5 0 568 13 0.34906292 STANDARD
5 0 330 14 0.33787122 STANDARD
5 0 288 15 0.3172583 STANDARD
5 0 5 16 0.3019789 STANDARD
5 0 581 17 0.2920629 STANDARD
5 0 307 18 0.2847084 STANDARD
5 0 158 19 0.2834155 STANDARD
5 0 304 20 0.27119726 STANDARD
5 0 328 21 0.25962523 STANDARD
5 0 6 22 0.25164905 STANDARD
5 0 188 23 0.24682476 STANDARD
5 0 324 24 0.24344586 STANDARD
5 0 305 25 0.24065207 STANDARD
5 0 306 26 0.2385734 STANDARD
5 0 387 27 0.22063082 STANDARD
5 0 138 28 0.20131925 STANDARD
5 0 580 29 0.19766235 STANDARD
5 0 1 30 0.18638952 STANDARD
5 0 595 31 0.15098944 STANDARD
5 0 300 32 0.1290226 STANDARD
5 0 758 33 0.1268384 STANDARD
5 0 4 34 0.09357679 STANDARD
5 0 470 35 0.09218535 STANDARD
5 0 851 36 0.07895957 STANDARD
5 0 1006 37 0.07718411 STANDARD
5 0 881 38 0.07655911 STANDARD
5 0 11 39 0.07626685 STANDARD
5 0 594 40 0.073697 STANDARD
5 0 50 41 0.072127745 STANDARD
5 0 167 42 0.0675866 STANDARD
5 0 2 43 0.062854216 STANDARD
5 0 282 44 0.05902989 STANDARD
5 0 478 45 0.05531121 STANDARD
5 0 139 46 0.055028237 STANDARD
5 0 985 47 0.054204103 STANDARD
5 0 870 48 0.054105945 STANDARD
5 0 599 49 0.051400464 STANDARD
5 0 700 50 0.051107533 STANDARD
5 0 54 51 0.04322101 STANDARD
5 0 857 52 0.041776463 STANDARD
5 0 160 53 0.040238038 STANDARD
5 0 943 54 0.04021519 STANDARD
5 0 1020 55 0.040206082 STANDARD
5 0 929 56 0.038456514 STANDARD
5 0 174 57 0.038374133 STANDARD
5 0 695 58 0.038374133 STANDARD
5 0 638 59 0.037192732 STANDARD
5 0 846 60 0.036925524 STANDARD
5 0 276 61 0.036587194 STANDARD
5 0 880 62 0.03655142 STANDARD
5 0 732 63 0.03525016 STANDARD
5 0 85 64 0.03418551 STANDARD
5 0 165 65 0.03399108 STANDARD
5 0 183 66 0.03399108 STANDARD
5 0 280 67 0.03399108 STANDARD
5 0 536 68 0.033725437 STANDARD
5 0 38 69 0.033487298 STANDARD
5 0 390 70 0.032228667 STANDARD
5 0 483 71 0.03165704 STANDARD
5 0 552 72 0.03165704 STANDARD
5 0 234 73 0.03105558 STANDARD
5 0 90 74 0.030542739 STANDARD
5 0 39 75 0.029540421 STANDARD
5 0 186 76 0.029540421 STANDARD
5 0 521 77 0.029540421 STANDARD
5 0 41 78 0.029279482 STANDARD
5 0 131 79 0.029192189 STANDARD
5 0 298 80 0.028983558 STANDARD
5 0 600 81 0.028814007 STANDARD
5 0 290 82 0.02790608 STANDARD
5 0 586 83 0.02790608 STANDARD
5 0 126 84 0.027192863 STANDARD
5 0 94 85 0.027134607 STANDARD
5 0 132 86 0.027134607 STANDARD
5 0 751 87 0.027134607 STANDARD
5 0 146 88 0.026110288 STANDARD
5 0 508 89 0.026110288 STANDARD
5 0 623 90 0.02587965 STANDARD
5 0 72 91 0.025847869 STANDARD
5 0 501 92 0.025847869 STANDARD
5 0 899 93 0.025847869 STANDARD
5 0 542 94 0.025811922 STANDARD
5 0 452 95 0.02487648 STANDARD
5 0 408 96 0.022612173 STANDARD
5 0 769 97 0.02257696 STANDARD
5 0 472 98 0.022324866 STANDARD
5 0 507 99 0.022155317 STANDARD
5 0 148 100 0.021380672 STANDARD
6 0 116 1 1.68643 STANDARD
6 0 321 2 1.2226307 STANDARD
6 0 260 3 0.96172357 STANDARD
6 0 238 4 0.89671826 STANDARD
6 0 112 5 0.8954576 STANDARD
6 0 122 6 0.8759005 STANDARD
6 0 115 7 0.85530293 STANDARD
6 0 243 8 0.7552802 STANDARD
6 0 390 9 0.6988605 STANDARD
6 0 311 10 0.66723984 STANDARD
6 0 118 11 0.6292915 STANDARD
6 0 242 12 0.5602675 STANDARD
6 0 322 13 0.55968106 STANDARD
6 0 323 14 0.44050258 STANDARD
6 0 114 15 0.42216727 STANDARD
6 0 310 16 0.4175072 STANDARD
6 0 313 17 0.39402166 STANDARD
6 0 253 18 0.37928143 STANDARD
6 0 316 19 0.37358418 STANDARD
6 0 157 20 0.3246927 STANDARD
6 0 31 21 0.30960473 STANDARD
6 0 245 22 0.30094403 STANDARD
6 0 320 23 0.28447235 STANDARD
6 0 267 24 0.28110826 STANDARD
6 0 309 25 0.27042753 STANDARD
6 0 246 26 0.25314444 STANDARD
6 0 319 27 0.2212475 STANDARD
6 0 113 28 0.20095909 STANDARD
6 0 57 29 0.19971047 STANDARD
6 0 312 30 0.17769057 STANDARD
6 0 315 31 0.14185314 STANDARD
6 0 385 32 0.14078738 STANDARD
6 0 622 33 0.1366218 STANDARD
6 0 410 34 0.13229422 STANDARD
6 0 282 35 0.12224349 STANDARD
6 0 1028 36 0.11282507 STANDARD
6 0 412 37 0.101401865 STANDARD
6 0 1031 38 0.0910812 STANDARD
6 0 380 39 0.08276956 STANDARD
6 0 875 40 0.07828472 STANDARD
6 0 314 41 0.07802028 STANDARD
6 0 352 42 0.07610217 STANDARD
6 0 685 43 0.07521672 STANDARD
6 0 271 44 0.07431698 STANDARD
6 0 964 45 0.072170965 STANDARD
6 0 361 46 0.06871321 STANDARD
6 0 359 47 0.06726544 STANDARD
6 0 712 48 0.06519717 STANDARD
6 0 104 49 0.060450558 STANDARD
6 0 351 50 0.05871354 STANDARD
6 0 573 51 0.05871354 STANDARD
6 0 680 52 0.05871354 STANDARD
6 0 117 53 0.058036048 STANDARD
6 0 293 54 0.057110034 STANDARD
6 0 865 55 0.054472953 STANDARD
6 0 62 56 0.054194964 STANDARD
6 0 961 57 0.051680997 STANDARD
6 0 383 58 0.050888512 STANDARD
6 0 840 59 0.0490289 STANDARD
6 0 884 60 0.048927948 STANDARD
6 0 965 61 0.048927948 STANDARD
6 0 605 62 0.047563855 STANDARD
6 0 715 63 0.04655777 STANDARD
6 0 240 64 0.046452828 STANDARD
6 0 747 65 0.046452828 STANDARD
6 0 973 66 0.046452828 STANDARD
6 0 144 67 0.046445422 STANDARD
6 0 748 68 0.046445422 STANDARD
6 0 368 69 0.04190439 STANDARD
6 0 393 70 0.040481906 STANDARD
6 0 788 71 0.040075045 STANDARD
6 0 73 72 0.03871069 STANDARD
6 0 596 73 0.03871069 STANDARD
6 0 700 74 0.038051084 STANDARD
6 0 499 75 0.03760836 STANDARD
6 0 389 76 0.03598361 STANDARD
6 0 92 77 0.03305306 STANDARD
6 0 717 78 0.031805318 STANDARD
6 0 88 79 0.03148566 STANDARD
6 0 239 80 0.03148566 STANDARD
6 0 798 81 0.03096855 STANDARD
6 0 1004 82 0.03096855 STANDARD
6 0 125 83 0.030280264 STANDARD
6 0 617 84 0.028600192 STANDARD
6 0 937 85 0.028600192 STANDARD
6 0 948 86 0.028337153 STANDARD
6 0 244 87 0.027544215 STANDARD
6 0 905 88 0.027097482 STANDARD
6 0 419 89 0.026987707 STANDARD
6 0 387 90 0.026796049 STANDARD
6 0 27 91 0.026142616 STANDARD
6 0 241 92 0.025954511 STANDARD
6 0 261 93 0.025954511 STANDARD
6 0 702 94 0.025444256 STANDARD
6 0 219 95 0.025019955 STANDARD
6 0 994 96 0.024470147 STANDARD
6 0 191 97 0.02404487 STANDARD
6 0 105 98 0.023112444 STANDARD
6 0 140 99 0.023112444 STANDARD
6 0 354 100 0.023112444 STANDARD
7 0 189 1 0.9050036 STANDARD
7 0 261 2 0.58917046 STANDARD
7 0 121 3 0.41838506 STANDARD
7 0 391 4 0.41229704 STANDARD
7 0 92 5 0.36387953 STANDARD
7 0 82 6 0.1270197 STANDARD
7 0 387 7 0.12074447 STANDARD
7 0 392 8 0.09416377 STANDARD
7 0 422 9 0.08558358 STANDARD
7 0 745 10 0.08355251 STANDARD
7 0 247 11 0.067641854 STANDARD
7 0 75 12 0.060127605 STANDARD
7 0 60 13 0.05888076 STANDARD
7 0 791 14 0.05612936 STANDARD
7 0 154 15 0.056030445 STANDARD
7 0 1001 16 0.0559011 STANDARD
7 0 253 17 0.055179477 STANDARD
7 0 409 18 0.055179477 STANDARD
7 0 996 19 0.054575372 STANDARD
7 0 393 20 0.05449929 STANDARD
7 0 592 21 0.053827167 STANDARD
7 0 385 22 0.053242024 STANDARD
7 0 248 23 0.0530479 STANDARD
7 0 559 24 0.051444113 STANDARD
7 0 242 25 0.050786078 STANDARD
7 0 1019 26 0.05014239 STANDARD
7 0 723 27 0.047547784 STANDARD
7 0 85 28 0.04718996 STANDARD
7 0 555 29 0.046416912 STANDARD
7 0 530 30 0.04639526 STANDARD
7 0 693 31 0.04552075 STANDARD
7 0 382 32 0.04500164 STANDARD
7 0 97 33 0.044250883 STANDARD
7 0 172 34 0.043837976 STANDARD
7 0 55 35 0.042328253 STANDARD
7 0 76 36 0.0422776 STANDARD
7 0 788 37 0.042263478 STANDARD
7 0 322 38 0.042257667 STANDARD
7 0 267 39 0.042243633 STANDARD
7 0 381 40 0.041485444 STANDARD
7 0 777 41 0.04028864 STANDARD
7 0 157 42 0.03901778 STANDARD
7 0 412 43 0.038890235 STANDARD
7 0 383 44 0.037019078 STANDARD
7 0 978 45 0.03700643 STANDARD
7 0 677 46 0.036911182 STANDARD
7 0 507 47 0.03397084 STANDARD
7 0 421 48 0.033794906 STANDARD
7 0 420 49 0.0331611 STANDARD
7 0 756 50 0.03251482 STANDARD
7 0 976 51 0.032380626 STANDARD
7 0 531 52 0.031981613 STANDARD
7 0 458 53 0.031698525 STANDARD
7 0 716 54 0.031337123 STANDARD
7 0 534 55 0.030484999 STANDARD
7 0 776 56 0.030188197 STANDARD
7 0 908 57 0.030038131 STANDARD
7 0 535 58 0.029265184 STANDARD
7 0 577 59 0.02909101 STANDARD
7 0 665 60 0.02881883 STANDARD
7 0 712 61 0.028579451 STANDARD
7 0 888 62 0.028418617 STANDARD
7 0 336 63 0.027939305 STANDARD
7 0 593 64 0.02783317 STANDARD
7 0 260 65 0.02770496 STANDARD
7 0 935 66 0.026964214 STANDARD
7 0 824 67 0.026891386 STANDARD
7 0 316 68 0.026870262 STANDARD
7 0 914 69 0.026801212 STANDARD
7 0 523 70 0.026724465 STANDARD
7 0 57 71 0.026381887 STANDARD
7 0 239 72 0.026381887 STANDARD
7 0 808 73 0.026164243 STANDARD
7 0 796 74 0.026088046 STANDARD
7 0 814 75 0.02465621 STANDARD
7 0 995 76 0.02418298 STANDARD
7 0 893 77 0.023349667 STANDARD
7 0 557 78 0.023225933 STANDARD
7 0 209 79 0.02306949 STANDARD
7 0 779 80 0.022893712 STANDARD
7 0 695 81 0.022879027 STANDARD
7 0 989 82 0.022844011 STANDARD
7 0 992 83 0.022844011 STANDARD
7 0 1000 84 0.022816276 STANDARD
7 0 388 85 0.022339972 STANDARD
7 0 379 86 0.021336462 STANDARD
7 0 206 87 0.02124584 STANDARD
7 0 297 88 0.021133892 STANDARD
7 0 463 89 0.021133892 STANDARD
7 0 780 90 0.021091895 STANDARD
7 0 319 91 0.021048415 STANDARD
7 0 662 92 0.021048415 STANDARD
7 0 1018 93 0.02070087 STANDARD
7 0 878 94 0.02060397 STANDARD
7 0 314 95 0.02054917 STANDARD
7 0 286 96 0.02022316 STANDARD
7 0 628 97 0.02022316 STANDARD
7 0 900 98 0.02022316 STANDARD
7 0 415 99 0.019896973 STANDARD
7 0 389 100 0.019805627 STANDARD
8 0 52 1 1.0437783 STANDARD
8 0 60 2 0.6588719 STANDARD
8 0 1028 3 0.6323737 STANDARD
8 0 265 4 0.6203361 STANDARD
8 0 262 5 0.5754164 STANDARD
8 0 61 6 0.5569279 STANDARD
8 0 427 7 0.5303984 STANDARD
8 0 250 8 0.52426076 STANDARD
8 0 435 9 0.5207073 STANDARD
8 0 431 10 0.50892395 STANDARD
8 0 654 11 0.4968952 STANDARD
8 0 123 12 0.48825353 STANDARD
8 0 266 13 0.46179384 STANDARD
8 0 436 14 0.4567214 STANDARD
8 0 426 15 0.4524328 STANDARD
8 0 264 16 0.45096666 STANDARD
8 0 434 17 0.44897926 STANDARD
8 0 274 18 0.43369186 STANDARD
8 0 433 19 0.41287634 STANDARD
8 0 81 20 0.40515175 STANDARD
8 0 375 21 0.34818232 STANDARD
8 0 430 22 0.33398542 STANDARD
8 0 424 23 0.33254415 STANDARD
8 0 432 24 0.30242303 STANDARD
8 0 658 25 0.30234012 STANDARD
8 0 437 26 0.29561013 STANDARD
8 0 24 27 0.25276798 STANDARD
8 0 648 28 0.24878542 STANDARD
8 0 992 29 0.24713074 STANDARD
8 0 26 30 0.23514423 STANDARD
8 0 429 31 0.18731388 STANDARD
8 0 428 32 0.18198335 STANDARD
8 0 857 33 0.17502822 STANDARD
8 0 438 34 0.17055908 STANDARD
8 0 1024 35 0.16574015 STANDARD
8 0 758 36 0.15676282 STANDARD
8 0 859 37 0.14765409 STANDARD
8 0 165 38 0.132682 STANDARD
8 0 183 39 0.132682 STANDARD
8 0 844 40 0.13021867 STANDARD
8 0 596 41 0.11767647 STANDARD
8 0 860 42 0.117372856 STANDARD
8 0 547 43 0.11356065 STANDARD
8 0 564 44 0.11067355 STANDARD
8 0 865 45 0.10605815 STANDARD
8 0 518 46 0.10257787 STANDARD
8 0 562 47 0.102525644 STANDARD
8 0 861 48 0.10244251 STANDARD
8 0 858 49 0.10106291 STANDARD
8 0 190 50 0.09977387 STANDARD
8 0 862 51 0.09974214 STANDARD
8 0 597 52 0.097541206 STANDARD
8 0 711 53 0.09742995 STANDARD
8 0 177 54 0.09510034 STANDARD
8 0 263 55 0.09310577 STANDARD
8 0 120 56 0.083352976 STANDARD
8 0 697 57 0.08262699 STANDARD
8 0 584 58 0.082029074 STANDARD
8 0 845 59 0.08183485 STANDARD
8 0 378 60 0.080674045 STANDARD
8 0 938 61 0.07797575 STANDARD
8 0 843 62 0.07738486 STANDARD
8 0 234 63 0.076547444 STANDARD
8 0 249 64 0.074244834 STANDARD
8 0 698 65 0.07114368 STANDARD
8 0 932 66 0.07054898 STANDARD
8 0 598 67 0.07046905 STANDARD
8 0 130 68 0.06959612 STANDARD
8 0 379 69 0.06900624 STANDARD
8 0 534 70 0.06872564 STANDARD
8 0 292 71 0.06871883 STANDARD
8 0 666 72 0.06625217 STANDARD
8 0 380 73 0.064129256 STANDARD
8 0 57 74 0.0640542 STANDARD
8 0 589 75 0.06289825 STANDARD
8 0 301 76 0.062286895 STANDARD
8 0 929 77 0.06228087 STANDARD
8 0 686 78 0.062216956 STANDARD
8 0 700 79 0.061708957 STANDARD
8 0 412 80 0.06155172 STANDARD
8 0 641 81 0.060718447 STANDARD
8 0 364 82 0.059535332 STANDARD
8 0 45 83 0.058796905 STANDARD
8 0 49 84 0.0578515 STANDARD
8 0 951 85 0.055805057 STANDARD
8 0 231 86 0.055310976 STANDARD
8 0 602 87 0.054743923 STANDARD
8 0 694 88 0.05404845 STANDARD
8 0 491 89 0.053483658 STANDARD
8 0 854 90 0.05323264 STANDARD
8 0 775 91 0.05250457 STANDARD
8 0 192 92 0.05220374 STANDARD
8 0 270 93 0.051768396 STANDARD
8 0 558 94 0.051443607 STANDARD
8 0 551 95 0.051301673 STANDARD
8 0 563 96 0.050891604 STANDARD
8 0 460 97 0.050359968 STANDARD
8 0 907 98 0.04996639 STANDARD
8 0 296 99 0.049185332 STANDARD
8 0 20 100 0.048281807 STANDARD
9 0 421 1 0.25282353 STANDARD
9 0 30 2 0.22326387 STANDARD
9 0 409 3 0.18249597 STANDARD
9 0 267 4 0.17891292 STANDARD
9 0 111 5 0.10928954 STANDARD
9 0 75 6 0.10678303 STANDARD
9 0 413 7 0.09451666 STANDARD
9 0 121 8 0.07685292 STANDARD
9 0 268 9 0.07583539 STANDARD
9 0 657 10 0.07228469 STANDARD
9 0 1000 11 0.06955147 STANDARD
9 0 1031 12 0.06355714 STANDARD
9 0 97 13 0.062792934 STANDARD
9 0 422 14 0.060287233 STANDARD
9 0 463 15 0.060141277 STANDARD
9 0 114 16 0.057931326 STANDARD
9 0 194 17 0.05747572 STANDARD
9 0 253 18 0.056391645 STANDARD
9 0 809 19 0.055992693 STANDARD
9 0 412 20 0.055476837 STANDARD
9 0 420 21 0.05170072 STANDARD
9 0 53 22 0.049526665 STANDARD
9 0 82 23 0.044810288 STANDARD
9 0 415 24 0.044584587 STANDARD
9 0 322 25 0.041557584 STANDARD
9 0 693 26 0.040265847 STANDARD
9 0 423 27 0.03852155 STANDARD
9 0 214 28 0.038442496 STANDARD
9 0 723 29 0.0372647 STANDARD
9 0 124 30 0.03716169 STANDARD
9 0 57 31 0.036037292 STANDARD
9 0 77 32 0.035843115 STANDARD
9 0 56 33 0.0330567 STANDARD
9 0 954 34 0.032760143 STANDARD
9 0 246 35 0.03252694 STANDARD
9 0 541 36 0.032502178 STANDARD
9 0 839 37 0.032330878 STANDARD
9 0 31 38 0.031864025 STANDARD
9 0 272 39 0.031852875 STANDARD
9 0 65 40 0.0317555 STANDARD
9 0 387 41 0.031196123 STANDARD
9 0 755 42 0.03060827 STANDARD
9 0 139 43 0.030140126 STANDARD
9 0 1029 44 0.03009948 STANDARD
9 0 64 45 0.029183868 STANDARD
9 0 125 46 0.028890556 STANDARD
9 0 85 47 0.027980749 STANDARD
9 0 716 48 0.027438518 STANDARD
9 0 239 49 0.027029568 STANDARD
9 0 1010 50 0.02612149 STANDARD
9 0 90 51 0.026080469 STANDARD
9 0 992 52 0.026080469 STANDARD
9 0 314 53 0.024985284 STANDARD
9 0 467 54 0.024285916 STANDARD
9 0 287 55 0.023778964 STANDARD
9 0 411 56 0.023765536 STANDARD
9 0 385 57 0.02311137 STANDARD
9 0 840 58 0.022784023 STANDARD
9 0 440 59 0.022583138 STANDARD
9 0 877 60 0.022257308 STANDARD
9 0 1019 61 0.022009365 STANDARD
9 0 28 62 0.021312289 STANDARD
9 0 770 63 0.020878365 STANDARD
9 0 773 64 0.020878365 STANDARD
9 0 669 65 0.020866526 STANDARD
9 0 317 66 0.020821068 STANDARD
9 0 935 67 0.02026935 STANDARD
9 0 636 68 0.020238264 STANDARD
9 0 658 69 0.019849703 STANDARD
9 0 907 70 0.019674823 STANDARD
9 0 995 71 0.01959894 STANDARD
9 0 241 72 0.019591117 STANDARD
9 0 781 73 0.019591117 STANDARD
9 0 189 74 0.019334352 STANDARD
9 0 417 75 0.018899038 STANDARD
9 0 419 76 0.018899038 STANDARD
9 0 301 77 0.018878624 STANDARD
9 0 273 78 0.018876879 STANDARD
9 0 418 79 0.018822843 STANDARD
9 0 195 80 0.01877735 STANDARD
9 0 673 81 0.018547757 STANDARD
9 0 62 82 0.018538527 STANDARD
9 0 391 83 0.018536244 STANDARD
9 0 792 84 0.0184591 STANDARD
9 0 95 85 0.018267674 STANDARD
9 0 203 86 0.018267674 STANDARD
9 0 622 87 0.018267674 STANDARD
9 0 789 88 0.017895743 STANDARD
9 0 226 89 0.017650759 STANDARD
9 0 677 90 0.017650759 STANDARD
9 0 690 91 0.017650759 STANDARD
9 0 233 92 0.017422352 STANDARD
9 0 89 93 0.017339522 STANDARD
9 0 325 94 0.016757512 STANDARD
9 0 157 95 0.0165723 STANDARD
9 0 661 96 0.01632593 STANDARD
9 0 779 97 0.016151713 STANDARD
9 0 664 98 0.015890166 STANDARD
9 0 261 99 0.01580827 STANDARD
9 0 414 100 0.0157492 STANDARD
10 0 534 1 0.8530307 STANDARD
10 0 532 2 0.39430916 STANDARD
10 0 77 3 0.27183303 STANDARD
10 0 556 4 0.2628728 STANDARD
10 0 702 5 0.2628728 STANDARD
10 0 543 6 0.25066784 STANDARD
10 0 716 7 0.23001368 STANDARD
10 0 52 8 0.22420412 STANDARD
10 0 254 9 0.22195074 STANDARD
10 0 367 10 0.22195074 STANDARD
10 0 539 11 0.22195074 STANDARD
10 0 981 12 0.22195074 STANDARD
10 0 234 13 0.19715458 STANDARD
10 0 775 14 0.19715458 STANDARD
10 0 465 15 0.19416645 STANDARD
10 0 257 16 0.1793633 STANDARD
10 0 374 17 0.1793633 STANDARD
10 0 978 18 0.1793633 STANDARD
10 0 214 19 0.1642955 STANDARD
10 0 965 20 0.1642955 STANDARD
10 0 989 21 0.1642955 STANDARD
10 0 992 22 0.1642955 STANDARD
10 0 17 23 0.15694289 STANDARD
10 0 19 24 0.15694289 STANDARD
10 0 223 25 0.15694289 STANDARD
10 0 256 26 0.13452247 STANDARD
10 0 364 27 0.13452247 STANDARD
10 0 866 28 0.13452247 STANDARD
10 0 428 29 0.11210206 STANDARD
10 0 551 30 0.11210206 STANDARD
10 0 985 31 0.11210206 STANDARD
10 0 378 32 0.11097537 STANDARD
10 0 155 33 0.08968165 STANDARD
10 0 533 34 0.08968165 STANDARD
10 0 570 35 0.08968165 STANDARD
10 0 758 36 0.08968165 STANDARD
10 0 987 37 0.08968165 STANDARD
10 0 1009 38 0.08968165 STANDARD
10 0 1020 39 0.08968165 STANDARD
10 0 438 40 0.078471445 STANDARD
11 0 445 1 0.34858504 STANDARD
11 0 446 2 0.3414571 STANDARD
11 0 990 3 0.29234204 STANDARD
11 0 448 4 0.26589423 STANDARD
11 0 442 5 0.26253933 STANDARD
11 0 1031 6 0.23275843 STANDARD
11 0 447 7 0.22503372 STANDARD
11 0 66 8 0.19614097 STANDARD
11 0 449 9 0.19361824 STANDARD
11 0 228 10 0.18638752 STANDARD
11 0 444 11 0.15664752 STANDARD
11 0 441 12 0.15000623 STANDARD
11 0 229 13 0.14445016 STANDARD
11 0 453 14 0.1421574 STANDARD
11 0 463 15 0.1358204 STANDARD
11 0 785 16 0.13461646 STANDARD
11 0 226 17 0.12907894 STANDARD
11 0 880 18 0.12621272 STANDARD
11 0 861 19 0.11989915 STANDARD
11 0 451 20 0.11822584 STANDARD
11 0 1022 21 0.11763181 STANDARD
11 0 149 22 0.11409074 STANDARD
11 0 460 23 0.11219479 STANDARD
11 0 660 24 0.10941722 STANDARD
11 0 148 25 0.107147306 STANDARD
11 0 32 26 0.105037145 STANDARD
11 0 877 27 0.104424916 STANDARD
11 0 775 28 0.102744356 STANDARD
11 0 593 29 0.10226837 STANDARD
11 0 440 30 0.0967638 STANDARD
11 0 151 31 0.0930363 STANDARD
11 0 227 32 0.09136769 STANDARD
11 0 869 33 0.09088319 STANDARD
11 0 699 34 0.08702076 STANDARD
11 0 584 35 0.08289698 STANDARD
11 0 662 36 0.079400346 STANDARD
11 0 590 37 0.078502685 STANDARD
11 0 563 38 0.07325845 STANDARD
11 0 225 39 0.07309415 STANDARD
11 0 577 40 0.07173061 STANDARD
11 0 697 41 0.06979809 STANDARD
11 0 648 42 0.067253135 STANDARD
11 0 532 43 0.06717191 STANDARD
11 0 189 44 0.06602959 STANDARD
11 0 679 45 0.06296773 STANDARD
11 0 637 46 0.061496474 STANDARD
11 0 800 47 0.057955608 STANDARD
11 0 1006 48 0.057377055 STANDARD
11 0 63 49 0.05695329 STANDARD
11 0 443 50 0.054252524 STANDARD
11 0 452 51 0.053696074 STANDARD
11 0 547 52 0.05247311 STANDARD
11 0 573 53 0.050439853 STANDARD
11 0 41 54 0.05032454 STANDARD
11 0 758 55 0.048989613 STANDARD
11 0 556 56 0.044781275 STANDARD
11 0 702 57 0.044781275 STANDARD
11 0 29 58 0.044380777 STANDARD
11 0 796 59 0.04384266 STANDARD
11 0 567 60 0.04330111 STANDARD
11 0 108 61 0.042033207 STANDARD
11 0 948 62 0.041922536 STANDARD
11 0 20 63 0.04057171 STANDARD
11 0 534 64 0.03958143 STANDARD
11 0 716 65 0.039183613 STANDARD
11 0 795 66 0.0387518 STANDARD
11 0 282 67 0.0377312 STANDARD
11 0 600 68 0.036629226 STANDARD
11 0 70 69 0.033626568 STANDARD
11 0 234 70 0.033585954 STANDARD
11 0 725 71 0.03353803 STANDARD
11 0 986 72 0.03326197 STANDARD
11 0 549 73 0.033142675 STANDARD
11 0 975 74 0.031633347 STANDARD
11 0 450 75 0.031001441 STANDARD
11 0 687 76 0.029643709 STANDARD
11 0 417 77 0.029057087 STANDARD
11 0 17 78 0.028400194 STANDARD
11 0 62 79 0.028400194 STANDARD
11 0 368 80 0.028108902 STANDARD
11 0 214 81 0.027988296 STANDARD
11 0 965 82 0.027988296 STANDARD
11 0 989 83 0.027988296 STANDARD
11 0 992 84 0.027988296 STANDARD
11 0 52 85 0.02796019 STANDARD
11 0 776 86 0.027401662 STANDARD
11 0 191 87 0.027395284 STANDARD
11 0 688 88 0.025153521 STANDARD
11 0 328 89 0.024343023 STANDARD
11 0 339 90 0.024343023 STANDARD
11 0 680 91 0.024343023 STANDARD
11 0 1011 92 0.024343023 STANDARD
11 0 11 93 0.02328338 STANDARD
11 0 763 94 0.02328338 STANDARD
11 0 899 95 0.02328338 STANDARD
11 0 777 96 0.02325108 STANDARD
11 0 177 97 0.023044568 STANDARD
11 0 10 98 0.022599956 STANDARD
11 0 9 99 0.021726627 STANDARD
11 0 138 100 0.021726627 STANDARD
12 0 19 1 0.8373048 STANDARD
12 0 367 2 0.74114275 STANDARD
12 0 373 3 0.53993464 STANDARD
12 0 365 4 0.50575 STANDARD
12 0 364 5 0.49462643 STANDARD
12 0 20 6 0.4773586 STANDARD
12 0 220 7 0.34801397 STANDARD
12 0 462 8 0.29636702 STANDARD
12 0 371 9 0.22843099 STANDARD
12 0 368 10 0.124275774 STANDARD
12 0 378 11 0.12305709 STANDARD
12 0 193 12 0.09773924 STANDARD
12 0 865 13 0.07353238 STANDARD
12 0 1031 14 0.07304017 STANDARD
12 0 850 15 0.06931474 STANDARD
12 0 245 16 0.06654949 STANDARD
12 0 604 17 0.06570116 STANDARD
12 0 635 18 0.06333446 STANDARD
12 0 312 19 0.06310206 STANDARD
12 0 366 20 0.06004519 STANDARD
12 0 638 21 0.06000464 STANDARD
12 0 782 22 0.05939282 STANDARD
12 0 677 23 0.05932953 STANDARD
12 0 931 24 0.058586415 STANDARD
12 0 269 25 0.0576136 STANDARD
12 0 25 26 0.056332994 STANDARD
12 0 379 27 0.054961108 STANDARD
12 0 726 28 0.054566223 STANDARD
12 0 844 29 0.053760603 STANDARD
12 0 583 30 0.0531815 STANDARD
12 0 701 31 0.05055076 STANDARD
12 0 58 32 0.049200516 STANDARD
12 0 216 33 0.047524128 STANDARD
12 0 284 34 0.047500845 STANDARD
12 0 442 35 0.046710815 STANDARD
12 0 930 36 0.045207825 STANDARD
12 0 937 37 0.045207825 STANDARD
12 0 467 38 0.04441152 STANDARD
12 0 294 39 0.04373722 STANDARD
12 0 720 40 0.04362094 STANDARD
12 0 49 41 0.04358533 STANDARD
12 0 685 42 0.04339044 STANDARD
12 0 135 43 0.039980166 STANDARD
12 0 933 44 0.039306898 STANDARD
12 0 676 45 0.039220974 STANDARD
12 0 243 46 0.038332224 STANDARD
12 0 218 47 0.03796374 STANDARD
12 0 774 48 0.037536874 STANDARD
12 0 673 49 0.037080955 STANDARD
12 0 317 50 0.036350787 STANDARD
12 0 747 51 0.036347993 STANDARD
12 0 179 52 0.036015518 STANDARD
12 0 466 53 0.035948623 STANDARD
12 0 122 54 0.035851154 STANDARD
12 0 598 55 0.0358501 STANDARD
12 0 947 56 0.0356466 STANDARD
12 0 174 57 0.03457655 STANDARD
12 0 932 58 0.03433814 STANDARD
12 0 550 59 0.03412669 STANDARD
12 0 684 60 0.03412669 STANDARD
12 0 443 61 0.03399023 STANDARD
12 0 204 62 0.033108335 STANDARD
12 0 868 63 0.032690763 STANDARD
12 0 730 64 0.032193355 STANDARD
12 0 219 65 0.032153457 STANDARD
12 0 563 66 0.031720214 STANDARD
12 0 17 67 0.031634685 STANDARD
12 0 520 68 0.031242795 STANDARD
12 0 107 69 0.03098565 STANDARD
12 0 1024 70 0.030754438 STANDARD
12 0 585 71 0.030576121 STANDARD
12 0 57 72 0.030573668 STANDARD
12 0 847 73 0.030554228 STANDARD
12 0 631 74 0.028813794 STANDARD
12 0 678 75 0.028803157 STANDARD
12 0 418 76 0.028309366 STANDARD
12 0 647 77 0.028152654 STANDARD
12 0 658 78 0.027899126 STANDARD
12 0 231 79 0.027618725 STANDARD
12 0 334 80 0.027618725 STANDARD
12 0 936 81 0.027216498 STANDARD
12 0 531 82 0.026968503 STANDARD
12 0 910 83 0.026968503 STANDARD
12 0 867 84 0.026880302 STANDARD
12 0 558 85 0.026206 STANDARD
12 0 962 86 0.026206 STANDARD
12 0 192 87 0.026035663 STANDARD
12 0 519 88 0.026035663 STANDARD
12 0 670 89 0.025461854 STANDARD
12 0 862 90 0.025342992 STANDARD
12 0 274 91 0.024667183 STANDARD
12 0 473 92 0.023904342 STANDARD
12 0 162 93 0.02381429 STANDARD
12 0 688 94 0.02379016 STANDARD
12 0 695 95 0.02379016 STANDARD
12 0 751 96 0.02379016 STANDARD
12 0 532 97 0.023673194 STANDARD
12 0 547 98 0.023460545 STANDARD
12 0 588 99 0.023460545 STANDARD
12 0 776 100 0.023460545 STANDARD
13 0 197 1 0.8253654 STANDARD
13 0 196 2 0.8201455 STANDARD
13 0 199 3 0.582131 STANDARD
13 0 194 4 0.5525875 STANDARD
13 0 481 5 0.5171403 STANDARD
13 0 146 6 0.46161535 STANDARD
13 0 22 7 0.46044207 STANDARD
13 0 144 8 0.44646627 STANDARD
13 0 198 9 0.42841098 STANDARD
13 0 147 10 0.35224277 STANDARD
13 0 21 11 0.30482754 STANDARD
13 0 195 12 0.2774919 STANDARD
13 0 483 13 0.26701295 STANDARD
13 0 145 14 0.24907325 STANDARD
13 0 482 15 0.22334611 STANDARD
13 0 479 16 0.21630874 STANDARD
13 0 474 17 0.18977152 STANDARD
13 0 478 18 0.18401264 STANDARD
13 0 471 19 0.16286758 STANDARD
13 0 470 20 0.12424323 STANDARD
13 0 476 21 0.07464379 STANDARD
13 0 624 22 0.071197525 STANDARD
13 0 472 23 0.07028258 STANDARD
13 0 336 24 0.06794244 STANDARD
13 0 701 25 0.06794244 STANDARD
13 0 604 26 0.064968154 STANDARD
13 0 137 27 0.05985318 STANDARD
13 0 266 28 0.05823638 STANDARD
13 0 339 29 0.05823638 STANDARD
13 0 370 30 0.05823638 STANDARD
13 0 64 31 0.057831272 STANDARD
13 0 473 32 0.05541169 STANDARD
13 0 719 33 0.05081488 STANDARD
13 0 477 34 0.049114153 STANDARD
13 0 365 35 0.048530318 STANDARD
13 0 972 36 0.048530318 STANDARD
13 0 489 37 0.0417213 STANDARD
13 0 891 38 0.038824253 STANDARD
13 0 967 39 0.03403245 STANDARD
13 0 224 40 0.0320861 STANDARD
13 0 179 41 0.03150314 STANDARD
13 0 109 42 0.028360374 STANDARD
13 0 889 43 0.026075812 STANDARD
13 0 804 44 0.024560804 STANDARD
13 0 143 45 0.024064574 STANDARD
13 0 622 46 0.024064574 STANDARD
13 0 707 47 0.024064574 STANDARD
13 0 750 48 0.024064574 STANDARD
13 0 874 49 0.0226883 STANDARD
13 0 363 50 0.022454504 STANDARD
13 0 79 51 0.02086065 STANDARD
13 0 759 52 0.02086065 STANDARD
13 0 982 53 0.02086065 STANDARD
13 0 58 54 0.020053813 STANDARD
13 0 1027 55 0.019852262 STANDARD
13 0 480 56 0.019648643 STANDARD
13 0 837 57 0.019053278 STANDARD
13 0 274 58 0.018563405 STANDARD
13 0 531 59 0.01825307 STANDARD
13 0 788 60 0.01825307 STANDARD
13 0 917 61 0.01825307 STANDARD
13 0 74 62 0.017963603 STANDARD
13 0 156 63 0.017963603 STANDARD
13 0 217 64 0.017963603 STANDARD
13 0 787 65 0.017963603 STANDARD
13 0 823 66 0.017963603 STANDARD
13 0 993 67 0.017963603 STANDARD
13 0 598 68 0.017016225 STANDARD
13 0 680 69 0.017016225 STANDARD
13 0 853 70 0.017016225 STANDARD
13 0 1020 71 0.01604305 STANDARD
13 0 49 72 0.015718153 STANDARD
13 0 357 73 0.015718153 STANDARD
13 0 451 74 0.015718153 STANDARD
13 0 582 75 0.015718153 STANDARD
13 0 752 76 0.015718153 STANDARD
13 0 981 77 0.015718153 STANDARD
13 0 36 78 0.015645487 STANDARD
13 0 657 79 0.015645487 STANDARD
13 0 906 80 0.015645487 STANDARD
13 0 469 81 0.015115599 STANDARD
13 0 485 82 0.014750707 STANDARD
13 0 457 83 0.014180187 STANDARD
13 0 541 84 0.014180187 STANDARD
13 0 216 85 0.013472702 STANDARD
13 0 362 86 0.013472702 STANDARD
13 0 402 87 0.013472702 STANDARD
13 0 973 88 0.013472702 STANDARD
13 0 209 89 0.013037906 STANDARD
13 0 878 90 0.013037906 STANDARD
13 0 358 91 0.012906869 STANDARD
13 0 12 92 0.011227252 STANDARD
13 0 219 93 0.011227252 STANDARD
13 0 251 94 0.011227252 STANDARD
13 0 361 95 0.011227252 STANDARD
13 0 728 96 0.011227252 STANDARD
13 0 776 97 0.011227252 STANDARD
13 0 921 98 0.011227252 STANDARD
13 0 1024 99 0.011227252 STANDARD
13 0 259 100 0.010430325 STANDARD
14 0 457 1 0.32741198 STANDARD
14 0 23 2 0.29141897 STANDARD
14 0 29 3 0.23798387 STANDARD
14 0 26 4 0.22498049 STANDARD
14 0 463 5 0.20921613 STANDARD
14 0 17 6 0.20523542 STANDARD
14 0 371 7 0.20048226 STANDARD
14 0 25 8 0.1958785 STANDARD
14 0 861 9 0.19510622 STANDARD
14 0 454 10 0.14695415 STANDARD
14 0 460 11 0.12505028 STANDARD
14 0 455 12 0.112527706 STANDARD
14 0 785 13 0.11242728 STANDARD
14 0 459 14 0.109165795 STANDARD
14 0 662 15 0.10165273 STANDARD
14 0 208 16 0.09094947 STANDARD
14 0 1006 17 0.087234974 STANDARD
14 0 1022 18 0.08461529 STANDARD
14 0 442 19 0.08405898 STANDARD
14 0 461 20 0.07429073 STANDARD
14 0 448 21 0.07344432 STANDARD
14 0 877 22 0.072619244 STANDARD
14 0 364 23 0.0725846 STANDARD
14 0 545 24 0.07090093 STANDARD
14 0 193 25 0.06715102 STANDARD
14 0 299 26 0.06703142 STANDARD
14 0 368 27 0.064876944 STANDARD
14 0 445 28 0.06339582 STANDARD
14 0 370 29 0.06255722 STANDARD
14 0 958 30 0.06217994 STANDARD
14 0 999 31 0.061249416 STANDARD
14 0 666 32 0.061041888 STANDARD
14 0 680 33 0.056309346 STANDARD
14 0 867 34 0.05570073 STANDARD
14 0 467 35 0.055685792 STANDARD
14 0 995 36 0.054123227 STANDARD
14 0 365 37 0.05366563 STANDARD
14 0 707 38 0.053410873 STANDARD
14 0 675 39 0.05279578 STANDARD
14 0 20 40 0.051714905 STANDARD
14 0 699 41 0.05118803 STANDARD
14 0 577 42 0.050382257 STANDARD
14 0 378 43 0.050222643 STANDARD
14 0 114 44 0.049317908 STANDARD
14 0 446 45 0.047726247 STANDARD
14 0 246 46 0.047245577 STANDARD
14 0 367 47 0.045805555 STANDARD
14 0 667 48 0.045677844 STANDARD
14 0 638 49 0.045353185 STANDARD
14 0 709 50 0.045259897 STANDARD
14 0 466 51 0.0448611 STANDARD
14 0 693 52 0.044424556 STANDARD
14 0 678 53 0.043871075 STANDARD
14 0 66 54 0.043604065 STANDARD
14 0 841 55 0.04320229 STANDARD
14 0 950 56 0.04270934 STANDARD
14 0 495 57 0.042397875 STANDARD
14 0 465 58 0.04214419 STANDARD
14 0 458 59 0.04201713 STANDARD
14 0 24 60 0.041819017 STANDARD
14 0 328 61 0.040630057 STANDARD
14 0 851 62 0.04038167 STANDARD
14 0 223 63 0.039373606 STANDARD
14 0 594 64 0.039348662 STANDARD
14 0 701 65 0.039036624 STANDARD
14 0 65 66 0.03897496 STANDARD
14 0 62 67 0.038881138 STANDARD
14 0 588 68 0.03824781 STANDARD
14 0 672 69 0.038114376 STANDARD
14 0 942 70 0.03749292 STANDARD
14 0 86 71 0.036729645 STANDARD
14 0 686 72 0.036470946 STANDARD
14 0 510 73 0.03549638 STANDARD
14 0 676 74 0.034972973 STANDARD
14 0 665 75 0.034819495 STANDARD
14 0 881 76 0.034758624 STANDARD
14 0 696 77 0.034663327 STANDARD
14 0 670 78 0.03465205 STANDARD
14 0 779 79 0.033990107 STANDARD
14 0 590 80 0.03355174 STANDARD
14 0 1011 81 0.03351354 STANDARD
14 0 179 82 0.032986574 STANDARD
14 0 251 83 0.03291295 STANDARD
14 0 850 84 0.032859467 STANDARD
14 0 943 85 0.03196935 STANDARD
14 0 1003 86 0.031788018 STANDARD
14 0 1031 87 0.031479917 STANDARD
14 0 589 88 0.03133177 STANDARD
14 0 775 89 0.030644862 STANDARD
14 0 658 90 0.03029952 STANDARD
14 0 468 91 0.030236244 STANDARD
14 0 863 92 0.030099478 STANDARD
14 0 677 93 0.02989933 STANDARD
14 0 935 94 0.029788539 STANDARD
14 0 97 95 0.0295482 STANDARD
14 0 992 96 0.029491547 STANDARD
14 0 1033 97 0.029283583 STANDARD
14 0 865 98 0.028396437 STANDARD
14 0 269 99 0.02838033 STANDARD
14 0 259 100 0.028236048 STANDARD
15 0 350 1 0.3963129 STANDARD
15 0 361 2 0.34093186 STANDARD
15 0 355 3 0.267346 STANDARD
15 0 107 4 0.26338816 STANDARD
15 0 218 5 0.25016195 STANDARD
15 0 106 6 0.21098886 STANDARD
15 0 103 7 0.10581626 STANDARD
15 0 102 8 0.0977527 STANDARD
15 0 217 9 0.07169497 STANDARD
15 0 357 10 0.069624744 STANDARD
15 0 353 11 0.06870182 STANDARD
15 0 358 12 0.06524505 STANDARD
15 0 219 13 0.06447682 STANDARD
15 0 220 14 0.063962236 STANDARD
15 0 110 15 0.060074538 STANDARD
15 0 356 16 0.057519846 STANDARD
15 0 351 17 0.053297795 STANDARD
15 0 365 18 0.049365137 STANDARD
15 0 928 19 0.049119644 STANDARD
15 0 98 20 0.048327487 STANDARD
15 0 382 21 0.045270868 STANDARD
15 0 800 22 0.04311773 STANDARD
15 0 936 23 0.04240206 STANDARD
15 0 427 24 0.03290933 STANDARD
15 0 972 25 0.03215831 STANDARD
15 0 811 26 0.03129258 STANDARD
15 0 354 27 0.031275067 STANDARD
15 0 810 28 0.02968144 STANDARD
15 0 364 29 0.029455015 STANDARD
15 0 135 30 0.028719205 STANDARD
15 0 893 31 0.027072616 STANDARD
15 0 709 32 0.026762962 STANDARD
15 0 49 33 0.026166154 STANDARD
15 0 756 34 0.026113259 STANDARD
15 0 195 35 0.025983827 STANDARD
15 0 908 36 0.025982272 STANDARD
15 0 128 37 0.024812633 STANDARD
15 0 777 38 0.0235549 STANDARD
15 0 360 39 0.023358196 STANDARD
15 0 625 40 0.022891734 STANDARD
15 0 284 41 0.022428133 STANDARD
15 0 885 42 0.0221047 STANDARD
15 0 100 43 0.021696333 STANDARD
15 0 282 44 0.021616653 STANDARD
15 0 465 45 0.021452693 STANDARD
15 0 802 46 0.021267971 STANDARD
15 0 753 47 0.02120103 STANDARD
15 0 31 48 0.02091833 STANDARD
15 0 109 49 0.020848993 STANDARD
15 0 251 50 0.019629084 STANDARD
15 0 388 51 0.019385729 STANDARD
15 0 1024 52 0.0191066 STANDARD
15 0 204 53 0.01869011 STANDARD
15 0 816 54 0.017723307 STANDARD
15 0 924 55 0.01741585 STANDARD
15 0 892 56 0.01738896 STANDARD
15 0 1009 57 0.017322551 STANDARD
15 0 446 58 0.01725158 STANDARD
15 0 1033 59 0.01712122 STANDARD
15 0 819 60 0.017063977 STANDARD
15 0 804 61 0.01696577 STANDARD
15 0 288 62 0.016765274 STANDARD
15 0 754 63 0.016088072 STANDARD
15 0 604 64 0.015789071 STANDARD
15 0 259 65 0.015703266 STANDARD
15 0 589 66 0.015703266 STANDARD
15 0 34 67 0.015404027 STANDARD
15 0 151 68 0.014952088 STANDARD
15 0 379 69 0.014952088 STANDARD
15 0 118 70 0.01484072 STANDARD
15 0 742 71 0.014594295 STANDARD
15 0 369 72 0.014490801 STANDARD
15 0 769 73 0.014178647 STANDARD
15 0 766 74 0.014077064 STANDARD
15 0 222 75 0.014014918 STANDARD
15 0 341 76 0.013916219 STANDARD
15 0 782 77 0.013916219 STANDARD
15 0 165 78 0.013620952 STANDARD
15 0 183 79 0.013620952 STANDARD
15 0 35 80 0.013120336 STANDARD
15 0 200 81 0.013120336 STANDARD
15 0 711 82 0.013083077 STANDARD
15 0 383 83 0.012003623 STANDARD
15 0 633 84 0.0119533315 STANDARD
15 0 697 85 0.0119533315 STANDARD
15 0 374 86 0.011793971 STANDARD
15 0 296 87 0.011596848 STANDARD
15 0 300 88 0.011596848 STANDARD
15 0 551 89 0.011596848 STANDARD
15 0 564 90 0.011596848 STANDARD
15 0 567 91 0.011596848 STANDARD
15 0 864 92 0.011596848 STANDARD
15 0 611 93 0.011592641 STANDARD
15 0 291 94 0.011501053 STANDARD
15 0 593 95 0.011501053 STANDARD
15 0 602 96 0.011375985 STANDARD
15 0 969 97 0.011375985 STANDARD
15 0 621 98 0.011042792 STANDARD
15 0 635 99 0.011042792 STANDARD
15 0 619 100 0.010892291 STANDARD
16 0 202 1 0.9034191 STANDARD
16 0 36 2 0.8562195 STANDARD
16 0 807 3 0.42427048 STANDARD
16 0 494 4 0.40924206 STANDARD
16 0 488 5 0.39607206 STANDARD
16 0 99 6 0.3630947 STANDARD
16 0 205 7 0.36299598 STANDARD
16 0 486 8 0.34840536 STANDARD
16 0 818 9 0.3222074 STANDARD
16 0 496 10 0.2987995 STANDARD
16 0 98 11 0.2780868 STANDARD
16 0 492 12 0.2772105 STANDARD
16 0 812 13 0.25356546 STANDARD
16 0 800 14 0.24539126 STANDARD
16 0 484 15 0.21782577 STANDARD
16 0 35 16 0.19591087 STANDARD
16 0 204 17 0.18923 STANDARD
16 0 491 18 0.16840261 STANDARD
16 0 493 19 0.16482657 STANDARD
16 0 608 20 0.16332826 STANDARD
16 0 203 21 0.15543145 STANDARD
16 0 711 22 0.12636045 STANDARD
16 0 253 23 0.12159402 STANDARD
16 0 631 24 0.1155439 STANDARD
16 0 200 25 0.111168385 STANDARD
16 0 891 26 0.096662775 STANDARD
16 0 805 27 0.09654408 STANDARD
16 0 509 28 0.0941604 STANDARD
16 0 498 29 0.093931064 STANDARD
16 0 609 30 0.09036681 STANDARD
16 0 490 31 0.08717747 STANDARD
16 0 481 32 0.08137378 STANDARD
16 0 495 33 0.08042159 STANDARD
16 0 811 34 0.076999456 STANDARD
16 0 497 35 0.07611207 STANDARD
16 0 365 36 0.075790934 STANDARD
16 0 612 37 0.074138254 STANDARD
16 0 814 38 0.07401512 STANDARD
16 0 707 39 0.069922864 STANDARD
16 0 473 40 0.06843659 STANDARD
16 0 489 41 0.06807671 STANDARD
16 0 189 42 0.0679902 STANDARD
16 0 97 43 0.06777589 STANDARD
16 0 907 44 0.06771301 STANDARD
16 0 922 45 0.066234514 STANDARD
16 0 915 46 0.063992985 STANDARD
16 0 399 47 0.06273578 STANDARD
16 0 657 48 0.060398914 STANDARD
16 0 613 49 0.059798025 STANDARD
16 0 349 50 0.05942077 STANDARD
16 0 894 51 0.059125952 STANDARD
16 0 920 52 0.056920443 STANDARD
16 0 378 53 0.056876045 STANDARD
16 0 809 54 0.05539667 STANDARD
16 0 849 55 0.05537829 STANDARD
16 0 813 56 0.054475408 STANDARD
16 0 633 57 0.054247163 STANDARD
16 0 886 58 0.053613916 STANDARD
16 0 201 59 0.052869894 STANDARD
16 0 516 60 0.052296665 STANDARD
16 0 927 61 0.05221014 STANDARD
16 0 142 62 0.051999953 STANDARD
16 0 614 63 0.051590636 STANDARD
16 0 799 64 0.05022964 STANDARD
16 0 312 65 0.048700616 STANDARD
16 0 324 66 0.04867507 STANDARD
16 0 599 67 0.048664752 STANDARD
16 0 304 68 0.047530293 STANDARD
16 0 487 69 0.047256835 STANDARD
16 0 947 70 0.047054026 STANDARD
16 0 622 71 0.046369623 STANDARD
16 0 321 72 0.045199778 STANDARD
16 0 607 73 0.045060083 STANDARD
16 0 616 74 0.044096615 STANDARD
16 0 107 75 0.043915045 STANDARD
16 0 332 76 0.04323616 STANDARD
16 0 130 77 0.042415775 STANDARD
16 0 180 78 0.042415775 STANDARD
16 0 391 79 0.042415775 STANDARD
16 0 100 80 0.04241441 STANDARD
16 0 820 81 0.040675107 STANDARD
16 0 798 82 0.040231664 STANDARD
16 0 485 83 0.040035333 STANDARD
16 0 918 84 0.039158143 STANDARD
16 0 881 85 0.039130922 STANDARD
16 0 970 86 0.03862109 STANDARD
16 0 327 87 0.03829058 STANDARD
16 0 626 88 0.03797888 STANDARD
16 0 660 89 0.03786146 STANDARD
16 0 841 90 0.03783738 STANDARD
16 0 817 91 0.037545566 STANDARD
16 0 218 92 0.037462376 STANDARD
16 0 73 93 0.036840145 STANDARD
16 0 477 94 0.03676952 STANDARD
16 0 854 95 0.03676952 STANDARD
16 0 766 96 0.03658136 STANDARD
16 0 620 97 0.036518104 STANDARD
16 0 888 98 0.035918627 STANDARD
16 0 32 99 0.035346482 STANDARD
16 0 121 100 0.035346482 STANDARD
17 0 133 1 0.17652549 STANDARD
17 0 134 2 0.15973312 STANDARD
17 0 127 3 0.15486854 STANDARD
17 0 600 4 0.15300111 STANDARD
17 0 652 5 0.09434222 STANDARD
17 0 865 6 0.090535045 STANDARD
17 0 445 7 0.08066193 STANDARD
17 0 38 8 0.08019156 STANDARD
17 0 1031 9 0.07719594 STANDARD
17 0 573 10 0.07361877 STANDARD
17 0 604 11 0.07324916 STANDARD
17 0 1029 12 0.07282427 STANDARD
17 0 528 13 0.07254669 STANDARD
17 0 526 14 0.07097849 STANDARD
17 0 758 15 0.070459746 STANDARD
17 0 182 16 0.069799215 STANDARD
17 0 4 17 0.0696595 STANDARD
17 0 880 18 0.06894726 STANDARD
17 0 525 19 0.066797964 STANDARD
17 0 58 20 0.06283647 STANDARD
17 0 390 21 0.05733575 STANDARD
17 0 216 22 0.055833407 STANDARD
17 0 859 23 0.05497651 STANDARD
17 0 425 24 0.05452512 STANDARD
17 0 473 25 0.0543327 STANDARD
17 0 368 26 0.05343062 STANDARD
17 0 544 27 0.052822605 STANDARD
17 0 700 28 0.052609965 STANDARD
17 0 631 29 0.052350316 STANDARD
17 0 874 30 0.05154369 STANDARD
17 0 187 31 0.0503363 STANDARD
17 0 517 32 0.05026713 STANDARD
17 0 293 33 0.04893869 STANDARD
17 0 129 34 0.048540123 STANDARD
17 0 188 35 0.046838284 STANDARD
17 0 327 36 0.045858502 STANDARD
17 0 542 37 0.045597047 STANDARD
17 0 562 38 0.04559578 STANDARD
17 0 379 39 0.045498274 STANDARD
17 0 334 40 0.045393154 STANDARD
17 0 50 41 0.045378823 STANDARD
17 0 82 42 0.04462971 STANDARD
17 0 571 43 0.04408584 STANDARD
17 0 883 44 0.04331134 STANDARD
17 0 304 45 0.043254737 STANDARD
17 0 578 46 0.043011967 STANDARD
17 0 301 47 0.04246434 STANDARD
17 0 535 48 0.042422738 STANDARD
17 0 903 49 0.041616112 STANDARD
17 0 162 50 0.0412941 STANDARD
17 0 879 51 0.04069333 STANDARD
17 0 593 52 0.040675722 STANDARD
17 0 272 53 0.0397725 STANDARD
17 0 910 54 0.039565567 STANDARD
17 0 753 55 0.039415926 STANDARD
17 0 882 56 0.038188793 STANDARD
17 0 835 57 0.038148444 STANDARD
17 0 884 58 0.037502132 STANDARD
17 0 298 59 0.03749893 STANDARD
17 0 718 60 0.037030313 STANDARD
17 0 547 61 0.0368992 STANDARD
17 0 637 62 0.036562003 STANDARD
17 0 816 63 0.036548205 STANDARD
17 0 751 64 0.036290444 STANDARD
17 0 735 65 0.03624231 STANDARD
17 0 42 66 0.036105324 STANDARD
17 0 48 67 0.035511486 STANDARD
17 0 601 68 0.035445757 STANDARD
17 0 505 69 0.035427526 STANDARD
17 0 701 70 0.03533693 STANDARD
17 0 164 71 0.035112478 STANDARD
17 0 128 72 0.034623887 STANDARD
17 0 427 73 0.03397147 STANDARD
17 0 534 74 0.033367313 STANDARD
17 0 633 75 0.033207655 STANDARD
17 0 44 76 0.033093937 STANDARD
17 0 185 77 0.032801334 STANDARD
17 0 1025 78 0.032236606 STANDARD
17 0 57 79 0.0319822 STANDARD
17 0 418 80 0.03196926 STANDARD
17 0 205 81 0.03189516 STANDARD
17 0 687 82 0.03176064 STANDARD
17 0 743 83 0.031748332 STANDARD
17 0 747 84 0.03153652 STANDARD
17 0 681 85 0.031280037 STANDARD
17 0 981 86 0.031120075 STANDARD
17 0 1005 87 0.031063505 STANDARD
17 0 143 88 0.031017026 STANDARD
17 0 300 89 0.030667651 STANDARD
17 0 348 90 0.030329432 STANDARD
17 0 125 91 0.030056097 STANDARD
17 0 564 92 0.029943705 STANDARD
17 0 987 93 0.029634228 STANDARD
17 0 755 94 0.029386066 STANDARD
17 0 746 95 0.02922622 STANDARD
17 0 41 96 0.029221503 STANDARD
17 0 237 97 0.028828233 STANDARD
17 0 325 98 0.02882091 STANDARD
17 0 209 99 0.028741397 STANDARD
17 0 256 100 0.02848627 STANDARD
18 0 134 1 0.82267344 STANDARD
18 0 528 2 0.7205173 STANDARD
18 0 525 3 0.55362487 STANDARD
18 0 45 4 0.5366587 STANDARD
18 0 49 5 0.46957636 STANDARD
18 0 526 6 0.4501413 STANDARD
18 0 523 7 0.44164377 STANDARD
18 0 51 8 0.42230764 STANDARD
18 0 48 9 0.402494 STANDARD
18 0 517 10 0.3808614 STANDARD
18 0 81 11 0.33159074 STANDARD
18 0 46 12 0.31829798 STANDARD
18 0 524 13 0.29360396 STANDARD
18 0 527 14 0.2922826 STANDARD
18 0 467 15 0.27378017 STANDARD
18 0 379 16 0.24668762 STANDARD
18 0 68 17 0.19381261 STANDARD
18 0 514 18 0.17665751 STANDARD
18 0 43 19 0.15614466 STANDARD
18 0 516 20 0.1529899 STANDARD
18 0 521 21 0.1529899 STANDARD
18 0 1031 22 0.14103459 STANDARD
18 0 133 23 0.13962486 STANDARD
18 0 992 24 0.13962486 STANDARD
18 0 250 25 0.12519367 STANDARD
18 0 50 26 0.12266424 STANDARD
18 0 515 27 0.11041094 STANDARD
18 0 297 28 0.09199818 STANDARD
18 0 459 29 0.088525295 STANDARD
18 0 583 30 0.08832876 STANDARD
18 0 677 31 0.08832876 STANDARD
18 0 998 32 0.08832876 STANDARD
18 0 251 33 0.07807233 STANDARD
18 0 955 34 0.07728766 STANDARD
18 0 171 35 0.070805624 STANDARD
18 0 391 36 0.06624657 STANDARD
18 0 135 37 0.061967704 STANDARD
18 0 693 38 0.061967704 STANDARD
18 0 644 39 0.061954923 STANDARD
18 0 656 40 0.061954923 STANDARD
18 0 59 41 0.057812553 STANDARD
18 0 643 42 0.057812553 STANDARD
18 0 736 43 0.05520547 STANDARD
18 0 54 44 0.053115174 STANDARD
18 0 364 45 0.053115174 STANDARD
18 0 691 46 0.053115174 STANDARD
18 0 783 47 0.053115174 STANDARD
18 0 785 48 0.053115174 STANDARD
18 0 651 49 0.053104218 STANDARD
18 0 924 50 0.05109956 STANDARD
18 0 368 51 0.05007747 STANDARD
18 0 44 52 0.044262648 STANDARD
18 0 86 53 0.044262648 STANDARD
18 0 518 54 0.043359414 STANDARD
18 0 554 55 0.043359414 STANDARD
18 0 657 56 0.043359414 STANDARD
18 0 962 57 0.043359414 STANDARD
18 0 119 58 0.04087965 STANDARD
18 0 161 59 0.04087965 STANDARD
18 0 257 60 0.04087965 STANDARD
18 0 345 61 0.04087965 STANDARD
18 0 575 62 0.04087965 STANDARD
18 0 615 63 0.04087965 STANDARD
18 0 635 64 0.04087965 STANDARD
18 0 835 65 0.04087965 STANDARD
18 0 919 66 0.04087965 STANDARD
18 0 274 67 0.036132846 STANDARD
18 0 365 68 0.036132846 STANDARD
18 0 455 69 0.036132846 STANDARD
18 0 592 70 0.036132846 STANDARD
18 0 660 71 0.036132846 STANDARD
18 0 913 72 0.036132846 STANDARD
18 0 62 73 0.035769694 STANDARD
18 0 72 74 0.035769694 STANDARD
18 0 425 75 0.035769694 STANDARD
18 0 483 76 0.035769694 STANDARD
18 0 899 77 0.035769694 STANDARD
18 0 909 78 0.035769694 STANDARD
18 0 652 79 0.035402812 STANDARD
18 0 927 80 0.035402812 STANDARD
18 0 85 81 0.030659735 STANDARD
18 0 173 82 0.030659735 STANDARD
18 0 216 83 0.030659735 STANDARD
18 0 266 84 0.030659735 STANDARD
18 0 330 85 0.030659735 STANDARD
18 0 409 86 0.030659735 STANDARD
18 0 486 87 0.030659735 STANDARD
18 0 537 88 0.030659735 STANDARD
18 0 641 89 0.030659735 STANDARD
18 0 751 90 0.030659735 STANDARD
18 0 755 91 0.030659735 STANDARD
18 0 1000 92 0.030659735 STANDARD
18 0 126 93 0.028906276 STANDARD
18 0 198 94 0.028906276 STANDARD
18 0 287 95 0.028906276 STANDARD
18 0 401 96 0.028906276 STANDARD
18 0 805 97 0.028906276 STANDARD
18 0 24 98 0.02554978 STANDARD
18 0 76 99 0.02554978 STANDARD
18 0 159 100 0.02554978 STANDARD
19 0 861 1 0.8723341 STANDARD
19 0 844 2 0.81122595 STANDARD
19 0 847 3 0.6754109 STANDARD
19 0 859 4 0.5662124 STANDARD
19 0 863 5 0.452188 STANDARD
19 0 551 6 0.36436272 STANDARD
19 0 555 7 0.36009008 STANDARD
19 0 864 8 0.34138113 STANDARD
19 0 562 9 0.33936128 STANDARD
19 0 564 10 0.3147292 STANDARD
19 0 865 11 0.27971974 STANDARD
19 0 547 12 0.23193513 STANDARD
19 0 518 13 0.2158121 STANDARD
19 0 880 14 0.21288244 STANDARD
19 0 545 15 0.21092877 STANDARD
19 0 591 16 0.17728344 STANDARD
19 0 860 17 0.17534564 STANDARD
19 0 552 18 0.1728191 STANDARD
19 0 678 19 0.17078343 STANDARD
19 0 563 20 0.16721083 STANDARD
19 0 1018 21 0.15967664 STANDARD
19 0 225 22 0.14606388 STANDARD
19 0 554 23 0.14508876 STANDARD
19 0 858 24 0.14282924 STANDARD
19 0 590 25 0.13932446 STANDARD
19 0 947 26 0.13246915 STANDARD
19 0 854 27 0.130441 STANDARD
19 0 695 28 0.13015892 STANDARD
19 0 866 29 0.1250715 STANDARD
19 0 581 30 0.12423146 STANDARD
19 0 694 31 0.122112244 STANDARD
19 0 558 32 0.11423947 STANDARD
19 0 775 33 0.11415707 STANDARD
19 0 869 34 0.10970856 STANDARD
19 0 593 35 0.107955545 STANDARD
19 0 588 36 0.10252507 STANDARD
19 0 932 37 0.09146568 STANDARD
19 0 671 38 0.09032682 STANDARD
19 0 600 39 0.089733824 STANDARD
19 0 584 40 0.08619376 STANDARD
19 0 725 41 0.08158967 STANDARD
19 0 556 42 0.0813375 STANDARD
19 0 548 43 0.08110417 STANDARD
19 0 577 44 0.080938995 STANDARD
19 0 135 45 0.07953688 STANDARD
19 0 544 46 0.077968836 STANDARD
19 0 1031 47 0.07741069 STANDARD
19 0 675 48 0.07687246 STANDARD
19 0 585 49 0.076524965 STANDARD
19 0 745 50 0.076055326 STANDARD
19 0 550 51 0.073918596 STANDARD
19 0 845 52 0.07358841 STANDARD
19 0 940 53 0.072812885 STANDARD
19 0 1006 54 0.07182813 STANDARD
19 0 553 55 0.071535066 STANDARD
19 0 597 56 0.071463585 STANDARD
19 0 582 57 0.07117031 STANDARD
19 0 850 58 0.0710489 STANDARD
19 0 177 59 0.0696215 STANDARD
19 0 448 60 0.06903784 STANDARD
19 0 41 61 0.0688791 STANDARD
19 0 848 62 0.068096526 STANDARD
19 0 442 63 0.06710395 STANDARD
19 0 857 64 0.065639794 STANDARD
19 0 578 65 0.064981475 STANDARD
19 0 661 66 0.06439016 STANDARD
19 0 29 67 0.06432691 STANDARD
19 0 882 68 0.06312987 STANDARD
19 0 686 69 0.06267875 STANDARD
19 0 950 70 0.06231466 STANDARD
19 0 594 71 0.060911365 STANDARD
19 0 87 72 0.06058491 STANDARD
19 0 698 73 0.060511425 STANDARD
19 0 457 74 0.059336163 STANDARD
19 0 684 75 0.059280068 STANDARD
19 0 443 76 0.058611434 STANDARD
19 0 663 77 0.058582533 STANDARD
19 0 666 78 0.057564646 STANDARD
19 0 598 79 0.05751767 STANDARD
19 0 870 80 0.05669832 STANDARD
19 0 463 81 0.05597613 STANDARD
19 0 505 82 0.0555132 STANDARD
19 0 949 83 0.05460749 STANDARD
19 0 63 84 0.053110063 STANDARD
19 0 929 85 0.053102493 STANDARD
19 0 662 86 0.05284273 STANDARD
19 0 378 87 0.052330784 STANDARD
19 0 561 88 0.051928878 STANDARD
19 0 692 89 0.051928878 STANDARD
19 0 952 90 0.0517358 STANDARD
19 0 881 91 0.05083976 STANDARD
19 0 592 92 0.050324462 STANDARD
19 0 696 93 0.050126873 STANDARD
19 0 670 94 0.046936415 STANDARD
19 0 938 95 0.046936415 STANDARD
19 0 298 96 0.04668006 STANDARD
19 0 955 97 0.04650219 STANDARD
19 0 658 98 0.045544036 STANDARD
19 0 583 99 0.044277124 STANDARD
19 0 690 100 0.044277124 STANDARD
20 0 865 1 0.1945608 STANDARD
20 0 596 2 0.15965113 STANDARD
20 0 860 3 0.15726839 STANDARD
20 0 711 4 0.1507036 STANDARD
20 0 177 5 0.14202721 STANDARD
20 0 52 6 0.09764967 STANDARD
20 0 857 7 0.09398489 STANDARD
20 0 427 8 0.09384107 STANDARD
20 0 658 9 0.087190345 STANDARD
20 0 436 10 0.0861141 STANDARD
20 0 1024 11 0.08473886 STANDARD
20 0 431 12 0.08298737 STANDARD
20 0 60 13 0.08026442 STANDARD
20 0 877 14 0.07954034 STANDARD
20 0 428 15 0.077715434 STANDARD
20 0 437 16 0.07621817 STANDARD
20 0 582 17 0.07448655 STANDARD
20 0 434 18 0.07263024 STANDARD
20 0 375 19 0.07174056 STANDARD
20 0 265 20 0.07142991 STANDARD
20 0 879 21 0.07111767 STANDARD
20 0 592 22 0.069436215 STANDARD
20 0 435 23 0.06882379 STANDARD
20 0 1028 24 0.067758895 STANDARD
20 0 844 25 0.06678659 STANDARD
20 0 424 26 0.066748224 STANDARD
20 0 262 27 0.06438396 STANDARD
20 0 26 28 0.06323431 STANDARD
20 0 61 29 0.06267772 STANDARD
20 0 589 30 0.06246852 STANDARD
20 0 429 31 0.062461965 STANDARD
20 0 638 32 0.061791755 STANDARD
20 0 433 33 0.061586868 STANDARD
20 0 581 34 0.0614005 STANDARD
20 0 876 35 0.05833228 STANDARD
20 0 426 36 0.05821333 STANDARD
20 0 878 37 0.055763632 STANDARD
20 0 758 38 0.055621617 STANDARD
20 0 250 39 0.055042837 STANDARD
20 0 20 40 0.054882113 STANDARD
20 0 597 41 0.054778453 STANDARD
20 0 584 42 0.054063722 STANDARD
20 0 700 43 0.05386177 STANDARD
20 0 208 44 0.053176068 STANDARD
20 0 858 45 0.052626736 STANDARD
20 0 562 46 0.05213054 STANDARD
20 0 654 47 0.051558986 STANDARD
20 0 274 48 0.051515255 STANDARD
20 0 24 49 0.048995513 STANDARD
20 0 602 50 0.048739586 STANDARD
20 0 266 51 0.048709646 STANDARD
20 0 588 52 0.048536487 STANDARD
20 0 81 53 0.04838603 STANDARD
20 0 579 54 0.04817164 STANDARD
20 0 992 55 0.0474073 STANDARD
20 0 701 56 0.047118396 STANDARD
20 0 648 57 0.046603117 STANDARD
20 0 130 58 0.04656902 STANDARD
20 0 1026 59 0.04656902 STANDARD
20 0 603 60 0.046275254 STANDARD
20 0 722 61 0.045691308 STANDARD
20 0 432 62 0.044537183 STANDARD
20 0 264 63 0.043839555 STANDARD
20 0 843 64 0.042849958 STANDARD
20 0 123 65 0.042257674 STANDARD
20 0 859 66 0.04059642 STANDARD
20 0 866 67 0.040329956 STANDARD
20 0 599 68 0.039778624 STANDARD
20 0 430 69 0.039130732 STANDARD
20 0 875 70 0.038314655 STANDARD
20 0 673 71 0.037696254 STANDARD
20 0 862 72 0.036675096 STANDARD
20 0 586 73 0.036598206 STANDARD
20 0 872 74 0.035766535 STANDARD
20 0 631 75 0.035243478 STANDARD
20 0 234 76 0.034591533 STANDARD
20 0 438 77 0.034381058 STANDARD
20 0 280 78 0.034228195 STANDARD
20 0 569 79 0.03386977 STANDARD
20 0 518 80 0.03213747 STANDARD
20 0 861 81 0.03213747 STANDARD
20 0 1027 82 0.03202074 STANDARD
20 0 932 83 0.031939637 STANDARD
20 0 284 84 0.031790935 STANDARD
20 0 577 85 0.03170405 STANDARD
20 0 425 86 0.0315588 STANDARD
20 0 239 87 0.031436607 STANDARD
20 0 214 88 0.03143561 STANDARD
20 0 42 89 0.031046012 STANDARD
20 0 754 90 0.031046012 STANDARD
20 0 460 91 0.030571427 STANDARD
20 0 874 92 0.029063087 STANDARD
20 0 748 93 0.029061167 STANDARD
20 0 600 94 0.028915208 STANDARD
20 0 100 95 0.028529655 STANDARD
20 0 545 96 0.028436763 STANDARD
20 0 825 97 0.027165262 STANDARD
20 0 1033 98 0.026567832 STANDARD
20 0 572 99 0.026256459 STANDARD
20 0 880 100 0.026183814 STANDARD
21 0 821 1 0.24884464 STANDARD
21 0 807 2 0.1356537 STANDARD
21 0 620 3 0.13266902 STANDARD
21 0 626 4 0.12514605 STANDARD
21 0 100 5 0.119447045 STANDARD
21 0 896 6 0.110178314 STANDARD
21 0 815 7 0.09770913 STANDARD
21 0 35 8 0.0970183 STANDARD
21 0 810 9 0.09069836 STANDARD
21 0 892 10 0.088605925 STANDARD
21 0 812 11 0.08853205 STANDARD
21 0 887 12 0.08814265 STANDARD
21 0 253 13 0.08278441 STANDARD
21 0 890 14 0.07308751 STANDARD
21 0 618 15 0.06901812 STANDARD
21 0 604 16 0.06478454 STANDARD
21 0 766 17 0.06422968 STANDARD
21 0 202 18 0.06333408 STANDARD
21 0 885 19 0.056928396 STANDARD
21 0 613 20 0.05573081 STANDARD
21 0 609 21 0.05437903 STANDARD
21 0 488 22 0.054293763 STANDARD
21 0 709 23 0.054286353 STANDARD
21 0 963 24 0.052256312 STANDARD
21 0 73 25 0.05054836 STANDARD
21 0 907 26 0.050081447 STANDARD
21 0 920 27 0.04979355 STANDARD
21 0 321 28 0.04523863 STANDARD
21 0 351 29 0.044302963 STANDARD
21 0 914 30 0.044302963 STANDARD
21 0 917 31 0.041067094 STANDARD
21 0 633 32 0.0404264 STANDARD
21 0 252 33 0.040316746 STANDARD
21 0 762 34 0.039870963 STANDARD
21 0 889 35 0.039407633 STANDARD
21 0 742 36 0.038013447 STANDARD
21 0 937 37 0.035842303 STANDARD
21 0 888 38 0.034128014 STANDARD
21 0 302 39 0.032582954 STANDARD
21 0 349 40 0.032582954 STANDARD
21 0 499 41 0.03221903 STANDARD
21 0 1033 42 0.030719504 STANDARD
21 0 223 43 0.030592054 STANDARD
21 0 373 44 0.030592054 STANDARD
21 0 693 45 0.030592054 STANDARD
21 0 984 46 0.030592054 STANDARD
21 0 612 47 0.030541 STANDARD
21 0 736 48 0.02933364 STANDARD
21 0 616 49 0.027865404 STANDARD
21 0 151 50 0.027093172 STANDARD
21 0 322 51 0.027024202 STANDARD
21 0 625 52 0.02668723 STANDARD
21 0 462 53 0.02622176 STANDARD
21 0 853 54 0.02622176 STANDARD
21 0 933 55 0.02622176 STANDARD
21 0 602 56 0.025952714 STANDARD
21 0 288 57 0.02450405 STANDARD
21 0 891 58 0.024349926 STANDARD
21 0 619 59 0.023644581 STANDARD
21 0 188 60 0.021851465 STANDARD
21 0 490 61 0.021851465 STANDARD
21 0 504 62 0.021851465 STANDARD
21 0 605 63 0.021851465 STANDARD
21 0 275 64 0.020481315 STANDARD
21 0 282 65 0.020481315 STANDARD
21 0 589 66 0.020481315 STANDARD
21 0 201 67 0.019598302 STANDARD
21 0 203 68 0.019464536 STANDARD
21 0 1008 69 0.018351339 STANDARD
21 0 27 70 0.017916828 STANDARD
21 0 158 71 0.017481172 STANDARD
21 0 458 72 0.017481172 STANDARD
21 0 908 73 0.017481172 STANDARD
21 0 959 74 0.017481172 STANDARD
21 0 1004 75 0.017481172 STANDARD
21 0 208 76 0.017152837 STANDARD
21 0 662 77 0.015516427 STANDARD
21 0 454 78 0.015357281 STANDARD
21 0 928 79 0.015357281 STANDARD
21 0 732 80 0.014527712 STANDARD
21 0 9 81 0.014478983 STANDARD
21 0 915 82 0.013932702 STANDARD
21 0 894 83 0.013306214 STANDARD
21 0 386 84 0.013299795 STANDARD
21 0 682 85 0.013299795 STANDARD
21 0 1009 86 0.012976357 STANDARD
21 0 72 87 0.012669111 STANDARD
21 0 678 88 0.011446642 STANDARD
21 0 534 89 0.011083162 STANDARD
21 0 513 90 0.010864479 STANDARD
21 0 747 91 0.010864479 STANDARD
21 0 343 92 0.010859238 STANDARD
21 0 447 93 0.010859238 STANDARD
21 0 735 94 0.010243128 STANDARD
21 0 737 95 0.010243128 STANDARD
21 0 1030 96 0.010243128 STANDARD
21 0 452 97 0.010238187 STANDARD
21 0 464 98 0.010238187 STANDARD
21 0 611 99 0.010238187 STANDARD
21 0 705 100 0.010238187 STANDARD
22 0 648 1 0.60617936 STANDARD
22 0 905 2 0.26913157 STANDARD
22 0 375 3 0.20292252 STANDARD
22 0 645 4 0.14996259 STANDARD
22 0 750 5 0.11903661 STANDARD
22 0 970 6 0.11770861 STANDARD
22 0 108 7 0.11642032 STANDARD
22 0 652 8 0.10800838 STANDARD
22 0 636 9 0.10147853 STANDARD
22 0 642 10 0.09834371 STANDARD
22 0 758 11 0.0909142 STANDARD
22 0 640 12 0.08547653 STANDARD
22 0 647 13 0.08428695 STANDARD
22 0 139 14 0.084114894 STANDARD
22 0 657 15 0.08249149 STANDARD
22 0 1011 16 0.07865254 STANDARD
22 0 644 17 0.078566335 STANDARD
22 0 1027 18 0.07728853 STANDARD
22 0 761 19 0.07502745 STANDARD
22 0 207 20 0.07030013 STANDARD
22 0 658 21 0.0687429 STANDARD
22 0 48 22 0.06653794 STANDARD
22 0 285 23 0.06488412 STANDARD
22 0 332 24 0.063087836 STANDARD
22 0 282 25 0.060064822 STANDARD
22 0 913 26 0.058316156 STANDARD
22 0 659 27 0.05808434 STANDARD
22 0 908 28 0.057880778 STANDARD
22 0 371 29 0.057836663 STANDARD
22 0 201 30 0.055826925 STANDARD
22 0 907 31 0.04882558 STANDARD
22 0 474 32 0.04866309 STANDARD
22 0 1025 33 0.048205476 STANDARD
22 0 1012 34 0.048098315 STANDARD
22 0 900 35 0.047043014 STANDARD
22 0 701 36 0.046860352 STANDARD
22 0 395 37 0.040552575 STANDARD
22 0 881 38 0.040248588 STANDARD
22 0 97 39 0.040166017 STANDARD
22 0 634 40 0.03980757 STANDARD
22 0 304 41 0.039233673 STANDARD
22 0 910 42 0.038624845 STANDARD
22 0 239 43 0.03698046 STANDARD
22 0 857 44 0.036443934 STANDARD
22 0 635 45 0.036440298 STANDARD
22 0 632 46 0.03577537 STANDARD
22 0 326 47 0.03498663 STANDARD
22 0 93 48 0.03495559 STANDARD
22 0 402 49 0.03441 STANDARD
22 0 471 50 0.03441 STANDARD
22 0 208 51 0.03401906 STANDARD
22 0 329 52 0.03341736 STANDARD
22 0 230 53 0.033113196 STANDARD
22 0 764 54 0.031836558 STANDARD
22 0 753 55 0.031223007 STANDARD
22 0 214 56 0.031045405 STANDARD
22 0 327 57 0.03066619 STANDARD
22 0 973 58 0.029548904 STANDARD
22 0 305 59 0.029221077 STANDARD
22 0 251 60 0.029076554 STANDARD
22 0 287 61 0.028856693 STANDARD
22 0 649 62 0.028795358 STANDARD
22 0 372 63 0.028256966 STANDARD
22 0 7 64 0.027887398 STANDARD
22 0 98 65 0.027817557 STANDARD
22 0 711 66 0.027210971 STANDARD
22 0 650 67 0.02659951 STANDARD
22 0 959 68 0.026564581 STANDARD
22 0 800 69 0.026480451 STANDARD
22 0 223 70 0.026429579 STANDARD
22 0 460 71 0.026414614 STANDARD
22 0 960 72 0.026263822 STANDARD
22 0 398 73 0.02594265 STANDARD
22 0 283 74 0.02583724 STANDARD
22 0 173 75 0.025819024 STANDARD
22 0 608 76 0.024322864 STANDARD
22 0 646 77 0.024144528 STANDARD
22 0 626 78 0.023619113 STANDARD
22 0 278 79 0.023543999 STANDARD
22 0 958 80 0.02343683 STANDARD
22 0 400 81 0.023240576 STANDARD
22 0 1006 82 0.02321234 STANDARD
22 0 5 83 0.023210919 STANDARD
22 0 614 84 0.023210919 STANDARD
22 0 244 85 0.022756891 STANDARD
22 0 62 86 0.022595622 STANDARD
22 0 681 87 0.022417368 STANDARD
22 0 492 88 0.02218754 STANDARD
22 0 29 89 0.022097765 STANDARD
22 0 188 90 0.022077998 STANDARD
22 0 715 91 0.021634232 STANDARD
22 0 765 92 0.021337705 STANDARD
22 0 941 93 0.021008523 STANDARD
22 0 446 94 0.020959431 STANDARD
22 0 46 95 0.020906594 STANDARD
22 0 526 96 0.020906594 STANDARD
22 0 654 97 0.020793403 STANDARD
22 0 740 98 0.020728951 STANDARD
22 0 599 99 0.019790448 STANDARD
22 0 909 100 0.01925095 STANDARD
23 0 916 1 1.5247962 STANDARD
23 0 849 2 1.2821485 STANDARD
23 0 917 3 1.2821485 STANDARD
23 0 819 4 1.2689979 STANDARD
23 0 804 5 1.0526286 STANDARD
23 0 798 6 0.8459986 STANDARD
23 0 817 7 0.7477642 STANDARD
23 0 620 8 0.73265624 STANDARD
23 0 812 9 0.64118147 STANDARD
23 0 822 10 0.63449895 STANDARD
23 0 920 11 0.63449895 STANDARD
23 0 797 12 0.5287491 STANDARD
23 0 809 13 0.5287491 STANDARD
23 0 805 14 0.4229993 STANDARD
23 0 811 15 0.3701244 STANDARD
23 0 808 16 0.30709454 STANDARD
23 0 818 17 0.2714358 STANDARD
23 0 813 18 0.23507029 STANDARD
23 0 807 19 0.21714863 STANDARD
23 0 724 20 0.20585066 STANDARD
23 0 725 21 0.20585066 STANDARD
23 0 966 22 0.20585066 STANDARD
23 0 1010 23 0.20585066 STANDARD
23 0 492 24 0.19000505 STANDARD
23 0 202 25 0.18011934 STANDARD
23 0 203 26 0.154388 STANDARD
23 0 253 27 0.154388 STANDARD
23 0 706 28 0.154388 STANDARD
23 0 918 29 0.1357179 STANDARD
23 0 800 30 0.12865666 STANDARD
24 0 667 1 0.8247337 STANDARD
24 0 674 2 0.8188527 STANDARD
24 0 938 3 0.7631552 STANDARD
24 0 852 4 0.73764765 STANDARD
24 0 850 5 0.6732541 STANDARD
24 0 686 6 0.6457062 STANDARD
24 0 935 7 0.54439884 STANDARD
24 0 670 8 0.52976143 STANDARD
24 0 851 9 0.4892441 STANDARD
24 0 666 10 0.48145556 STANDARD
24 0 675 11 0.47773015 STANDARD
24 0 939 12 0.44811422 STANDARD
24 0 668 13 0.44067797 STANDARD
24 0 678 14 0.4270047 STANDARD
24 0 680 15 0.40569162 STANDARD
24 0 941 16 0.37066704 STANDARD
24 0 940 17 0.3410234 STANDARD
24 0 936 18 0.29349178 STANDARD
24 0 942 19 0.26278812 STANDARD
24 0 932 20 0.25675032 STANDARD
24 0 277 21 0.25271025 STANDARD
24 0 943 22 0.2488604 STANDARD
24 0 685 23 0.20452778 STANDARD
24 0 676 24 0.19782051 STANDARD
24 0 662 25 0.19777085 STANDARD
24 0 682 26 0.16878423 STANDARD
24 0 684 27 0.15883929 STANDARD
24 0 2 28 0.15459892 STANDARD
24 0 71 29 0.14574143 STANDARD
24 0 930 30 0.12692216 STANDARD
24 0 860 31 0.10958111 STANDARD
24 0 81 32 0.10762863 STANDARD
24 0 677 33 0.107477695 STANDARD
24 0 208 34 0.10264795 STANDARD
24 0 234 35 0.09351989 STANDARD
24 0 663 36 0.09231649 STANDARD
24 0 683 37 0.08233074 STANDARD
24 0 430 38 0.07584633 STANDARD
24 0 665 39 0.07510716 STANDARD
24 0 865 40 0.0744376 STANDARD
24 0 672 41 0.072123095 STANDARD
24 0 931 42 0.06887882 STANDARD
24 0 929 43 0.06768526 STANDARD
24 0 378 44 0.067047924 STANDARD
24 0 671 45 0.06338518 STANDARD
24 0 544 46 0.06141683 STANDARD
24 0 1016 47 0.060342826 STANDARD
24 0 278 48 0.05920143 STANDARD
24 0 228 49 0.05888532 STANDARD
24 0 359 50 0.057609417 STANDARD
24 0 463 51 0.054077376 STANDARD
24 0 371 52 0.05377036 STANDARD
24 0 711 53 0.053236794 STANDARD
24 0 934 54 0.052884746 STANDARD
24 0 444 55 0.052321564 STANDARD
24 0 545 56 0.05099936 STANDARD
24 0 769 57 0.04992211 STANDARD
24 0 681 58 0.049547985 STANDARD
24 0 26 59 0.04846177 STANDARD
24 0 802 60 0.048334643 STANDARD
24 0 903 61 0.047375012 STANDARD
24 0 1017 62 0.047216 STANDARD
24 0 673 63 0.047061972 STANDARD
24 0 435 64 0.045874786 STANDARD
24 0 534 65 0.045814343 STANDARD
24 0 862 66 0.043832034 STANDARD
24 0 658 67 0.043679252 STANDARD
24 0 933 68 0.042614955 STANDARD
24 0 110 69 0.042091932 STANDARD
24 0 438 70 0.041039247 STANDARD
24 0 688 71 0.040180776 STANDARD
24 0 467 72 0.03998806 STANDARD
24 0 910 73 0.039494734 STANDARD
24 0 246 74 0.03947868 STANDARD
24 0 1031 75 0.039235305 STANDARD
24 0 708 76 0.03879296 STANDARD
24 0 859 77 0.035681847 STANDARD
24 0 425 78 0.03530487 STANDARD
24 0 512 79 0.035013177 STANDARD
24 0 923 80 0.033218298 STANDARD
24 0 244 81 0.03187538 STANDARD
24 0 121 82 0.031280432 STANDARD
24 0 115 83 0.031231368 STANDARD
24 0 886 84 0.030541213 STANDARD
24 0 298 85 0.030372744 STANDARD
24 0 638 86 0.030071374 STANDARD
24 0 232 87 0.02864714 STANDARD
24 0 431 88 0.028169053 STANDARD
24 0 353 89 0.02797741 STANDARD
24 0 996 90 0.027922036 STANDARD
24 0 905 91 0.027612798 STANDARD
24 0 863 92 0.0275331 STANDARD
24 0 702 93 0.026947964 STANDARD
24 0 67 94 0.02693853 STANDARD
24 0 35 95 0.026514294 STANDARD
24 0 402 96 0.02578455 STANDARD
24 0 647 97 0.02578455 STANDARD
24 0 123 98 0.025680209 STANDARD
24 0 580 99 0.025542326 STANDARD
24 0 176 100 0.025304947 STANDARD
25 0 687 1 0.6352145 STANDARD
25 0 695 2 0.5174088 STANDARD
25 0 698 3 0.46024758 STANDARD
25 0 690 4 0.45890146 STANDARD
25 0 699 5 0.45321292 STANDARD
25 0 696 6 0.38520747 STANDARD
25 0 951 7 0.33801824 STANDARD
25 0 697 8 0.314542 STANDARD
25 0 958 9 0.2829694 STANDARD
25 0 948 10 0.27963847 STANDARD
25 0 587 11 0.27361122 STANDARD
25 0 953 12 0.27361122 STANDARD
25 0 945 13 0.2504805 STANDARD
25 0 949 14 0.2419458 STANDARD
25 0 946 15 0.22371078 STANDARD
25 0 691 16 0.203388 STANDARD
25 0 692 17 0.20201838 STANDARD
25 0 694 18 0.1853577 STANDARD
25 0 950 19 0.17873278 STANDARD
25 0 689 20 0.16596614 STANDARD
25 0 955 21 0.16343026 STANDARD
25 0 679 22 0.14114524 STANDARD
25 0 954 23 0.14008307 STANDARD
25 0 688 24 0.12652902 STANDARD
25 0 947 25 0.12028918 STANDARD
25 0 957 26 0.116735905 STANDARD
25 0 952 27 0.11021468 STANDARD
25 0 944 28 0.0856813 STANDARD
25 0 914 29 0.06768365 STANDARD
25 0 581 30 0.059568357 STANDARD
25 0 808 31 0.057073586 STANDARD
25 0 924 32 0.050388373 STANDARD
25 0 601 33 0.047090594 STANDARD
25 0 897 34 0.046816964 STANDARD
25 0 818 35 0.046119794 STANDARD
25 0 526 36 0.04189 STANDARD
25 0 598 37 0.041604906 STANDARD
25 0 578 38 0.039970372 STANDARD
25 0 550 39 0.03956832 STANDARD
25 0 777 40 0.039111342 STANDARD
25 0 261 41 0.038232468 STANDARD
25 0 797 42 0.037885677 STANDARD
25 0 809 43 0.037636824 STANDARD
25 0 574 44 0.037083626 STANDARD
25 0 589 45 0.03685566 STANDARD
25 0 869 46 0.036616854 STANDARD
25 0 927 47 0.036095817 STANDARD
25 0 920 48 0.035316765 STANDARD
25 0 915 49 0.03505247 STANDARD
25 0 822 50 0.034418076 STANDARD
25 0 300 51 0.033813912 STANDARD
25 0 876 52 0.033726756 STANDARD
25 0 776 53 0.032592785 STANDARD
25 0 200 54 0.03187015 STANDARD
25 0 996 55 0.03184277 STANDARD
25 0 413 56 0.030707164 STANDARD
25 0 47 57 0.030642562 STANDARD
25 0 630 58 0.030482773 STANDARD
25 0 593 59 0.03007095 STANDARD
25 0 604 60 0.028587759 STANDARD
25 0 894 61 0.028220179 STANDARD
25 0 686 62 0.028101224 STANDARD
25 0 557 63 0.027520271 STANDARD
25 0 959 64 0.026981404 STANDARD
25 0 242 65 0.025565492 STANDARD
25 0 528 66 0.025565492 STANDARD
25 0 814 67 0.025095643 STANDARD
25 0 167 68 0.024618998 STANDARD
25 0 624 69 0.024558876 STANDARD
25 0 922 70 0.024422867 STANDARD
25 0 773 71 0.024155082 STANDARD
25 0 779 72 0.024155082 STANDARD
25 0 1000 73 0.02363338 STANDARD
25 0 872 74 0.023426129 STANDARD
25 0 329 75 0.023177266 STANDARD
25 0 16 76 0.022516238 STANDARD
25 0 643 77 0.022516238 STANDARD
25 0 830 78 0.022516238 STANDARD
25 0 838 79 0.022516238 STANDARD
25 0 993 80 0.022516238 STANDARD
25 0 108 81 0.022342583 STANDARD
25 0 324 82 0.021837434 STANDARD
25 0 815 83 0.021776967 STANDARD
25 0 457 84 0.021752216 STANDARD
25 0 332 85 0.021230502 STANDARD
25 0 723 86 0.020704355 STANDARD
25 0 789 87 0.020704355 STANDARD
25 0 571 88 0.020556346 STANDARD
25 0 334 89 0.020005 STANDARD
25 0 807 90 0.019925026 STANDARD
25 0 249 91 0.019701708 STANDARD
25 0 770 92 0.019701708 STANDARD
25 0 821 93 0.01949625 STANDARD
25 0 336 94 0.018842764 STANDARD
25 0 14 95 0.018765291 STANDARD
25 0 98 96 0.01859279 STANDARD
25 0 1033 97 0.018547688 STANDARD
25 0 146 98 0.018453937 STANDARD
25 0 891 99 0.018447917 STANDARD
25 0 304 100 0.017742403 STANDARD
26 0 971 1 0.22977018 STANDARD
26 0 657 2 0.2097778 STANDARD
26 0 215 3 0.18526518 STANDARD
26 0 379 4 0.17172444 STANDARD
26 0 89 5 0.16378346 STANDARD
26 0 127 6 0.16031821 STANDARD
26 0 859 7 0.15844992 STANDARD
26 0 608 8 0.15547694 STANDARD
26 0 334 9 0.14664319 STANDARD
26 0 1018 10 0.14657652 STANDARD
26 0 173 11 0.14341646 STANDARD
26 0 716 12 0.1377371 STANDARD
26 0 465 13 0.13565344 STANDARD
26 0 78 14 0.1324727 STANDARD
26 0 959 15 0.13129725 STANDARD
26 0 734 16 0.13063067 STANDARD
26 0 970 17 0.13000372 STANDARD
26 0 900 18 0.12075797 STANDARD
26 0 723 19 0.119306296 STANDARD
26 0 816 20 0.11222486 STANDARD
26 0 710 21 0.11130839 STANDARD
26 0 724 22 0.11130839 STANDARD
26 0 658 23 0.110451534 STANDARD
26 0 421 24 0.110069975 STANDARD
26 0 400 25 0.1069234 STANDARD
26 0 737 26 0.10206261 STANDARD
26 0 909 27 0.09914592 STANDARD
26 0 739 28 0.09875658 STANDARD
26 0 161 29 0.098606795 STANDARD
26 0 151 30 0.0938303 STANDARD
26 0 962 31 0.09221821 STANDARD
26 0 652 32 0.09138831 STANDARD
26 0 208 33 0.09111189 STANDARD
26 0 449 34 0.08883211 STANDARD
26 0 542 35 0.087755054 STANDARD
26 0 154 36 0.08667556 STANDARD
26 0 600 37 0.086419724 STANDARD
26 0 634 38 0.08641201 STANDARD
26 0 910 39 0.085835546 STANDARD
26 0 231 40 0.08526315 STANDARD
26 0 630 41 0.08486044 STANDARD
26 0 606 42 0.08180579 STANDARD
26 0 965 43 0.08125232 STANDARD
26 0 726 44 0.080649115 STANDARD
26 0 163 45 0.07910711 STANDARD
26 0 648 46 0.077810735 STANDARD
26 0 960 47 0.07710398 STANDARD
26 0 721 48 0.076336354 STANDARD
26 0 982 49 0.075984225 STANDARD
26 0 746 50 0.07518692 STANDARD
26 0 981 51 0.07505586 STANDARD
26 0 715 52 0.07494351 STANDARD
26 0 486 53 0.07308269 STANDARD
26 0 643 54 0.071846984 STANDARD
26 0 569 55 0.071815155 STANDARD
26 0 637 56 0.06880396 STANDARD
26 0 730 57 0.06877562 STANDARD
26 0 719 58 0.06857283 STANDARD
26 0 712 59 0.068455905 STANDARD
26 0 404 60 0.06828678 STANDARD
26 0 445 61 0.06815302 STANDARD
26 0 93 62 0.066486195 STANDARD
26 0 51 63 0.06545417 STANDARD
26 0 706 64 0.06520812 STANDARD
26 0 14 65 0.06378913 STANDARD
26 0 852 66 0.06315555 STANDARD
26 0 938 67 0.062781155 STANDARD
26 0 274 68 0.06277411 STANDARD
26 0 703 69 0.062388502 STANDARD
26 0 967 70 0.062388502 STANDARD
26 0 7 71 0.061822314 STANDARD
26 0 598 72 0.061822314 STANDARD
26 0 422 73 0.06162925 STANDARD
26 0 95 74 0.06098167 STANDARD
26 0 370 75 0.06014586 STANDARD
26 0 248 76 0.059711196 STANDARD
26 0 372 77 0.059264857 STANDARD
26 0 647 78 0.059264857 STANDARD
26 0 680 79 0.059264857 STANDARD
26 0 1011 80 0.059264857 STANDARD
26 0 966 81 0.05882044 STANDARD
26 0 378 82 0.05848089 STANDARD
26 0 326 83 0.05819834 STANDARD
26 0 462 84 0.057869166 STANDARD
26 0 366 85 0.05742211 STANDARD
26 0 681 86 0.05550039 STANDARD
26 0 270 87 0.055261105 STANDARD
26 0 130 88 0.054231443 STANDARD
26 0 412 89 0.054200314 STANDARD
26 0 85 90 0.052168425 STANDARD
26 0 717 91 0.051990416 STANDARD
26 0 750 92 0.051803503 STANDARD
26 0 809 93 0.050818056 STANDARD
26 0 915 94 0.050121546 STANDARD
26 0 1033 95 0.05005083 STANDARD
26 0 580 96 0.04908347 STANDARD
26 0 1020 97 0.049048886 STANDARD
26 0 604 98 0.048631705 STANDARD
26 0 317 99 0.048224308 STANDARD
26 0 1029 100 0.048224308 STANDARD
27 0 984 1 0.23363687 STANDARD
27 0 732 2 0.18804815 STANDARD
27 0 734 3 0.17864841 STANDARD
27 0 977 4 0.084131695 STANDARD
27 0 208 5 0.07012585 STANDARD
27 0 976 6 0.0667337 STANDARD
27 0 731 7 0.06517003 STANDARD
27 0 974 8 0.060619764 STANDARD
27 0 980 9 0.060116425 STANDARD
27 0 727 10 0.05415254 STANDARD
27 0 983 11 0.053083163 STANDARD
27 0 978 12 0.04373198 STANDARD
27 0 658 13 0.03520521 STANDARD
27 0 244 14 0.035048768 STANDARD
27 0 608 15 0.030747741 STANDARD
27 0 659 16 0.029076556 STANDARD
27 0 728 17 0.028281262 STANDARD
27 0 738 18 0.027769376 STANDARD
27 0 730 19 0.027332488 STANDARD
27 0 733 20 0.025510315 STANDARD
27 0 638 21 0.025343211 STANDARD
27 0 982 22 0.024943545 STANDARD
27 0 223 23 0.024158569 STANDARD
27 0 485 24 0.022402912 STANDARD
27 0 239 25 0.017348709 STANDARD
27 0 447 26 0.016449856 STANDARD
27 0 908 27 0.016006507 STANDARD
27 0 465 28 0.01506647 STANDARD
27 0 287 29 0.014837105 STANDARD
27 0 743 30 0.014536783 STANDARD
27 0 657 31 0.014446333 STANDARD
27 0 781 32 0.014201736 STANDARD
27 0 517 33 0.013825438 STANDARD
27 0 722 34 0.0126919625 STANDARD
27 0 739 35 0.012648058 STANDARD
27 0 97 36 0.012311578 STANDARD
27 0 438 37 0.012262433 STANDARD
27 0 729 38 0.011963345 STANDARD
27 0 361 39 0.011893119 STANDARD
27 0 796 40 0.011665562 STANDARD
27 0 1009 41 0.011299973 STANDARD
27 0 36 42 0.011277668 STANDARD
27 0 1025 43 0.011190327 STANDARD
27 0 664 44 0.011139239 STANDARD
27 0 446 45 0.011057768 STANDARD
27 0 752 46 0.010983544 STANDARD
27 0 388 47 0.010947407 STANDARD
27 0 514 48 0.010509245 STANDARD
27 0 651 49 0.009969458 STANDARD
27 0 473 50 0.00991402 STANDARD
27 0 443 51 0.0097809965 STANDARD
27 0 104 52 0.009646115 STANDARD
27 0 380 53 0.009611016 STANDARD
27 0 282 54 0.009443175 STANDARD
27 0 460 55 0.0094376085 STANDARD
27 0 365 56 0.009410209 STANDARD
27 0 701 57 0.009356501 STANDARD
27 0 1001 58 0.009305846 STANDARD
27 0 1024 59 0.0093046455 STANDARD
27 0 462 60 0.009287537 STANDARD
27 0 711 61 0.009235589 STANDARD
27 0 483 62 0.009164263 STANDARD
27 0 970 63 0.009136375 STANDARD
27 0 661 64 0.009121006 STANDARD
27 0 865 65 0.009027279 STANDARD
27 0 681 66 0.008867449 STANDARD
27 0 652 67 0.008623032 STANDARD
27 0 102 68 0.008620419 STANDARD
27 0 900 69 0.008394722 STANDARD
27 0 200 70 0.008277593 STANDARD
27 0 203 71 0.00825935 STANDARD
27 0 77 72 0.008194271 STANDARD
27 0 229 73 0.008083805 STANDARD
27 0 399 74 0.008073625 STANDARD
27 0 1033 75 0.008065523 STANDARD
27 0 735 76 0.008035974 STANDARD
27 0 258 77 0.00797072 STANDARD
27 0 243 78 0.007874598 STANDARD
27 0 195 79 0.007773573 STANDARD
27 0 276 80 0.007495871 STANDARD
27 0 817 81 0.0073633282 STANDARD
27 0 673 82 0.007172824 STANDARD
27 0 214 83 0.0071711307 STANDARD
27 0 1013 84 0.007019125 STANDARD
27 0 259 85 0.0069967597 STANDARD
27 0 35 86 0.0069838176 STANDARD
27 0 279 87 0.006979675 STANDARD
27 0 683 88 0.0069276206 STANDARD
27 0 992 89 0.0069177966 STANDARD
27 0 99 90 0.0068241535 STANDARD
27 0 262 91 0.0068154573 STANDARD
27 0 737 92 0.0067981174 STANDARD
27 0 907 93 0.006784557 STANDARD
27 0 959 94 0.006752521 STANDARD
27 0 251 95 0.006749769 STANDARD
27 0 364 96 0.006645779 STANDARD
27 0 981 97 0.006624839 STANDARD
27 0 1008 98 0.006585743 STANDARD
27 0 158 99 0.0065794173 STANDARD
27 0 331 100 0.006454246 STANDARD
28 0 779 1 0.75897974 STANDARD
28 0 777 2 0.4214022 STANDARD
28 0 774 3 0.3022692 STANDARD
28 0 770 4 0.28611273 STANDARD
28 0 992 5 0.25097385 STANDARD
28 0 790 6 0.2146116 STANDARD
28 0 995 7 0.20575398 STANDARD
28 0 1031 8 0.18595733 STANDARD
28 0 989 9 0.17559488 STANDARD
28 0 994 10 0.17447174 STANDARD
28 0 796 11 0.17384201 STANDARD
28 0 115 12 0.16566901 STANDARD
28 0 771 13 0.16380686 STANDARD
28 0 81 14 0.16003153 STANDARD
28 0 773 15 0.15869701 STANDARD
28 0 998 16 0.15600966 STANDARD
28 0 841 17 0.14972834 STANDARD
28 0 789 18 0.14654756 STANDARD
28 0 607 19 0.14288132 STANDARD
28 0 123 20 0.13895106 STANDARD
28 0 130 21 0.13859136 STANDARD
28 0 772 22 0.13856949 STANDARD
28 0 823 23 0.1306652 STANDARD
28 0 1022 24 0.1306652 STANDARD
28 0 784 25 0.12250419 STANDARD
28 0 435 26 0.11764675 STANDARD
28 0 786 27 0.11652651 STANDARD
28 0 6 28 0.115492806 STANDARD
28 0 87 29 0.11433204 STANDARD
28 0 762 30 0.11433204 STANDARD
28 0 368 31 0.114074744 STANDARD
28 0 440 32 0.11116136 STANDARD
28 0 840 33 0.10977207 STANDARD
28 0 792 34 0.10188908 STANDARD
28 0 776 35 0.100786164 STANDARD
28 0 621 36 0.1005088 STANDARD
28 0 783 37 0.098964594 STANDARD
28 0 697 38 0.09413136 STANDARD
28 0 364 39 0.08999151 STANDARD
28 0 1000 40 0.08757658 STANDARD
28 0 996 41 0.08756188 STANDARD
28 0 675 42 0.08590508 STANDARD
28 0 409 43 0.08529673 STANDARD
28 0 993 44 0.08438433 STANDARD
28 0 972 45 0.08166575 STANDARD
28 0 444 46 0.08011038 STANDARD
28 0 1019 47 0.07917633 STANDARD
28 0 16 48 0.07898369 STANDARD
28 0 1001 49 0.078172415 STANDARD
28 0 785 50 0.07700024 STANDARD
28 0 791 51 0.07565095 STANDARD
28 0 997 52 0.072774 STANDARD
28 0 66 53 0.07170724 STANDARD
28 0 249 54 0.06911073 STANDARD
28 0 693 55 0.06911073 STANDARD
28 0 108 56 0.06849948 STANDARD
28 0 460 57 0.06747725 STANDARD
28 0 141 58 0.06443492 STANDARD
28 0 111 59 0.06403371 STANDARD
28 0 687 60 0.061272718 STANDARD
28 0 421 61 0.060826667 STANDARD
28 0 795 62 0.060430694 STANDARD
28 0 535 63 0.05988884 STANDARD
28 0 1029 64 0.059082597 STANDARD
28 0 775 65 0.058221046 STANDARD
28 0 412 66 0.057711426 STANDARD
28 0 229 67 0.05750058 STANDARD
28 0 438 68 0.05716602 STANDARD
28 0 443 69 0.05692267 STANDARD
28 0 267 70 0.056613468 STANDARD
28 0 30 71 0.055011977 STANDARD
28 0 441 72 0.054257903 STANDARD
28 0 322 73 0.052730624 STANDARD
28 0 63 74 0.051698167 STANDARD
28 0 448 75 0.050716434 STANDARD
28 0 228 76 0.049705688 STANDARD
28 0 148 77 0.04853035 STANDARD
28 0 542 78 0.048170753 STANDARD
28 0 1003 79 0.04781591 STANDARD
28 0 787 80 0.047260936 STANDARD
28 0 268 81 0.046837002 STANDARD
28 0 446 82 0.046506774 STANDARD
28 0 1002 83 0.046506774 STANDARD
28 0 442 84 0.044503693 STANDARD
28 0 320 85 0.04400958 STANDARD
28 0 453 86 0.04392172 STANDARD
28 0 793 87 0.043847006 STANDARD
28 0 241 88 0.043423716 STANDARD
28 0 688 89 0.042687945 STANDARD
28 0 691 90 0.042687945 STANDARD
28 0 914 91 0.041831832 STANDARD
28 0 385 92 0.040553592 STANDARD
28 0 459 93 0.04049506 STANDARD
28 0 1023 94 0.04020102 STANDARD
28 0 151 95 0.03976455 STANDARD
28 0 31 96 0.03850838 STANDARD
28 0 876 97 0.03845473 STANDARD
28 0 877 98 0.038267955 STANDARD
28 0 447 99 0.038146023 STANDARD
28 0 85 100 0.03798521 STANDARD
29 0 1017 1 0.5963663 STANDARD
29 0 1008 2 0.58756924 STANDARD
29 0 853 3 0.48170114 STANDARD
29 0 1016 4 0.4372136 STANDARD
29 0 1015 5 0.33689204 STANDARD
29 0 740 6 0.27739757 STANDARD
29 0 1012 7 0.24811922 STANDARD
29 0 1018 8 0.230652 STANDARD
29 0 1009 9 0.20593728 STANDARD
29 0 742 10 0.18901885 STANDARD
29 0 1013 11 0.18419631 STANDARD
29 0 750 12 0.15958616 STANDARD
29 0 1007 13 0.1524186 STANDARD
29 0 1006 14 0.12932263 STANDARD
29 0 743 15 0.098523244 STANDARD
29 0 1010 16 0.09428131 STANDARD
29 0 1014 17 0.086043574 STANDARD
29 0 672 18 0.078908846 STANDARD
29 0 768 19 0.07776613 STANDARD
29 0 744 20 0.07438337 STANDARD
29 0 747 21 0.07415221 STANDARD
29 0 765 22 0.069754064 STANDARD
29 0 425 23 0.06755707 STANDARD
29 0 370 24 0.067059554 STANDARD
29 0 758 25 0.06535352 STANDARD
29 0 282 26 0.06467188 STANDARD
29 0 741 27 0.06368941 STANDARD
29 0 368 28 0.058975022 STANDARD
29 0 761 29 0.05854146 STANDARD
29 0 604 30 0.057096787 STANDARD
29 0 1005 31 0.056670487 STANDARD
29 0 757 32 0.055625968 STANDARD
29 0 989 33 0.053865448 STANDARD
29 0 58 34 0.05318825 STANDARD
29 0 358 35 0.052725986 STANDARD
29 0 657 36 0.05229962 STANDARD
29 0 745 37 0.052215103 STANDARD
29 0 100 38 0.051587902 STANDARD
29 0 524 39 0.05013071 STANDARD
29 0 365 40 0.049631514 STANDARD
29 0 1011 41 0.043950133 STANDARD
29 0 251 42 0.042750318 STANDARD
29 0 458 43 0.041774638 STANDARD
29 0 210 44 0.041042604 STANDARD
29 0 534 45 0.038298916 STANDARD
29 0 214 46 0.038140517 STANDARD
29 0 767 47 0.037792142 STANDARD
29 0 766 48 0.03769681 STANDARD
29 0 1002 49 0.03741164 STANDARD
29 0 754 50 0.03687067 STANDARD
29 0 753 51 0.03633758 STANDARD
29 0 1004 52 0.036083892 STANDARD
29 0 240 53 0.034684118 STANDARD
29 0 401 54 0.03443609 STANDARD
29 0 755 55 0.034196936 STANDARD
29 0 752 56 0.033867184 STANDARD
29 0 865 57 0.03351408 STANDARD
29 0 771 58 0.03315206 STANDARD
29 0 459 59 0.03314528 STANDARD
29 0 784 60 0.03303787 STANDARD
29 0 208 61 0.032073475 STANDARD
29 0 159 62 0.031258512 STANDARD
29 0 872 63 0.031127391 STANDARD
29 0 994 64 0.0309791 STANDARD
29 0 769 65 0.030745111 STANDARD
29 0 845 66 0.030614031 STANDARD
29 0 23 67 0.030312523 STANDARD
29 0 776 68 0.029945873 STANDARD
29 0 85 69 0.02954426 STANDARD
29 0 103 70 0.029482868 STANDARD
29 0 1024 71 0.02939479 STANDARD
29 0 866 72 0.029151458 STANDARD
29 0 1033 73 0.028185805 STANDARD
29 0 216 74 0.027806694 STANDARD
29 0 311 75 0.027737802 STANDARD
29 0 12 76 0.027728193 STANDARD
29 0 367 77 0.027613206 STANDARD
29 0 81 78 0.02734204 STANDARD
29 0 275 79 0.027317597 STANDARD
29 0 107 80 0.026771242 STANDARD
29 0 218 81 0.026643794 STANDARD
29 0 680 82 0.026380561 STANDARD
29 0 701 83 0.02624331 STANDARD
29 0 764 84 0.025855675 STANDARD
29 0 884 85 0.025795244 STANDARD
29 0 1031 86 0.025659144 STANDARD
29 0 206 87 0.025637425 STANDARD
29 0 499 88 0.02554842 STANDARD
29 0 372 89 0.025434813 STANDARD
29 0 638 90 0.025056122 STANDARD
29 0 739 91 0.02474419 STANDARD
29 0 112 92 0.024452442 STANDARD
29 0 461 93 0.0244416 STANDARD
29 0 808 94 0.024206735 STANDARD
29 0 70 95 0.024092956 STANDARD
29 0 954 96 0.023511592 STANDARD
29 0 522 97 0.023508048 STANDARD
29 0 709 98 0.02347342 STANDARD
29 0 600 99 0.022690201 STANDARD
29 0 388 100 0.022627702 STANDARD
30 0 1027 1 0.32769597 STANDARD
30 0 1026 2 0.2842834 STANDARD
30 0 1023 3 0.23030628 STANDARD
30 0 1024 4 0.20817284 STANDARD
30 0 841 5 0.1943862 STANDARD
30 0 1033 6 0.14168167 STANDARD
30 0 839 7 0.13827619 STANDARD
30 0 1019 8 0.119196005 STANDARD
30 0 284 9 0.11721645 STANDARD
30 0 1022 10 0.10778605 STANDARD
30 0 920 11 0.096354894 STANDARD
30 0 1020 12 0.0953025 STANDARD
30 0 908 13 0.07415775 STANDARD
30 0 17 14 0.07209542 STANDARD
30 0 1031 15 0.07145293 STANDARD
30 0 365 16 0.06952247 STANDARD
30 0 35 17 0.068537384 STANDARD
30 0 657 18 0.06698703 STANDARD
30 0 808 19 0.06615671 STANDARD
30 0 114 20 0.06299225 STANDARD
30 0 549 21 0.06272467 STANDARD
30 0 720 22 0.06254178 STANDARD
30 0 24 23 0.060338423 STANDARD
30 0 830 24 0.06017967 STANDARD
30 0 364 25 0.05963713 STANDARD
30 0 490 26 0.0578985 STANDARD
30 0 261 27 0.055834472 STANDARD
30 0 371 28 0.054348897 STANDARD
30 0 488 29 0.05225616 STANDARD
30 0 77 30 0.050097246 STANDARD
30 0 867 31 0.046120346 STANDARD
30 0 457 32 0.042630203 STANDARD
30 0 596 33 0.042233884 STANDARD
30 0 139 34 0.041950267 STANDARD
30 0 86 35 0.04150312 STANDARD
30 0 793 36 0.041407153 STANDARD
30 0 635 37 0.04124163 STANDARD
30 0 511 38 0.04042891 STANDARD
30 0 413 39 0.040221162 STANDARD
30 0 1013 40 0.039904624 STANDARD
30 0 776 41 0.039529484 STANDARD
30 0 340 42 0.037891164 STANDARD
30 0 528 43 0.03756472 STANDARD
30 0 351 44 0.03724867 STANDARD
30 0 58 45 0.036386758 STANDARD
30 0 1025 46 0.036114898 STANDARD
30 0 542 47 0.035566214 STANDARD
30 0 107 48 0.035557844 STANDARD
30 0 751 49 0.035342302 STANDARD
30 0 249 50 0.03383634 STANDARD
30 0 306 51 0.033690758 STANDARD
30 0 455 52 0.033248693 STANDARD
30 0 388 53 0.03309141 STANDARD
30 0 64 54 0.032956157 STANDARD
30 0 992 55 0.03260398 STANDARD
30 0 1003 56 0.032514077 STANDARD
30 0 175 57 0.032351114 STANDARD
30 0 740 58 0.032137025 STANDARD
30 0 487 59 0.032083552 STANDARD
30 0 319 60 0.031892896 STANDARD
30 0 780 61 0.031844627 STANDARD
30 0 993 62 0.031328246 STANDARD
30 0 299 63 0.031055365 STANDARD
30 0 494 64 0.030931223 STANDARD
30 0 989 65 0.030732913 STANDARD
30 0 239 66 0.03030533 STANDARD
30 0 922 67 0.030051777 STANDARD
30 0 393 68 0.029964475 STANDARD
30 0 982 69 0.02991893 STANDARD
30 0 476 70 0.029451918 STANDARD
30 0 718 71 0.029158633 STANDARD
30 0 442 72 0.028449817 STANDARD
30 0 1008 73 0.028348537 STANDARD
30 0 624 74 0.027883464 STANDARD
30 0 116 75 0.026949378 STANDARD
30 0 995 76 0.026949378 STANDARD
30 0 931 77 0.02655279 STANDARD
30 0 326 78 0.026377236 STANDARD
30 0 370 79 0.02637617 STANDARD
30 0 533 80 0.026259525 STANDARD
30 0 547 81 0.02577602 STANDARD
30 0 604 82 0.02577602 STANDARD
30 0 827 83 0.025330698 STANDARD
30 0 472 84 0.024832448 STANDARD
30 0 468 85 0.024386134 STANDARD
30 0 670 86 0.022219095 STANDARD
30 0 994 87 0.022152415 STANDARD
30 0 231 88 0.022074135 STANDARD
30 0 1032 89 0.02169598 STANDARD
30 0 53 90 0.021349056 STANDARD
30 0 983 91 0.021155879 STANDARD
30 0 759 92 0.020925364 STANDARD
30 0 291 93 0.020620815 STANDARD
30 0 20 94 0.02042982 STANDARD
30 0 831 95 0.020345466 STANDARD
30 0 736 96 0.020314757 STANDARD
30 0 209 97 0.020219447 STANDARD
30 0 136 98 0.020154154 STANDARD
30 0 199 99 0.020045444 STANDARD
30 0 9 100 0.020017056 STANDARD
