1 0 72 1 0.38343892 STANDARD
1 0 171 2 0.35834852 STANDARD
1 0 13 3 0.35207984 STANDARD
1 0 506 4 0.33569953 STANDARD
1 0 180 5 0.32495543 STANDARD
1 0 509 6 0.3115251 STANDARD
1 0 500 7 0.3083001 STANDARD
1 0 511 8 0.28256547 STANDARD
1 0 181 9 0.2755219 STANDARD
1 0 184 10 0.26640525 STANDARD
1 0 507 11 0.24023028 STANDARD
1 0 501 12 0.22028153 STANDARD
1 0 510 13 0.20291851 STANDARD
1 0 502 14 0.19794083 STANDARD
1 0 138 15 0.19246592 STANDARD
1 0 503 16 0.18881273 STANDARD
1 0 168 17 0.17679122 STANDARD
1 0 360 18 0.17297812 STANDARD
1 0 508 19 0.15734394 STANDARD
1 0 504 20 0.1493719 STANDARD
1 0 206 21 0.1410262 STANDARD
1 0 838 22 0.13917163 STANDARD
1 0 965 23 0.1367512 STANDARD
1 0 645 24 0.13366145 STANDARD
1 0 127 25 0.11301116 STANDARD
1 0 403 26 0.11213022 STANDARD
1 0 125 27 0.09888477 STANDARD
1 0 231 28 0.09888477 STANDARD
1 0 166 29 0.08556335 STANDARD
1 0 513 30 0.08556335 STANDARD
1 0 15 31 0.07622589 STANDARD
1 0 185 32 0.07622589 STANDARD
1 0 41 33 0.074753486 STANDARD
1 0 542 34 0.074753486 STANDARD
1 0 79 35 0.07468581 STANDARD
1 0 167 36 0.07468581 STANDARD
1 0 169 37 0.07468581 STANDARD
1 0 170 38 0.07468581 STANDARD
1 0 727 39 0.0733884 STANDARD
1 0 182 40 0.072314225 STANDARD
1 0 469 41 0.07063197 STANDARD
1 0 259 42 0.066830724 STANDARD
1 0 164 43 0.065350085 STANDARD
1 0 186 44 0.060980715 STANDARD
1 0 211 45 0.060980715 STANDARD
1 0 212 46 0.060980715 STANDARD
1 0 175 47 0.05851682 STANDARD
1 0 986 48 0.053968754 STANDARD
1 0 142 49 0.053899843 STANDARD
1 0 172 50 0.053899843 STANDARD
1 0 512 51 0.053899843 STANDARD
1 0 499 52 0.052810848 STANDARD
1 0 336 53 0.051202215 STANDARD
1 0 14 54 0.046678632 STANDARD
1 0 165 55 0.046678632 STANDARD
1 0 183 56 0.046678632 STANDARD
1 0 896 57 0.039473098 STANDARD
1 0 637 58 0.03941321 STANDARD
1 0 11 59 0.037778128 STANDARD
1 0 173 60 0.037778128 STANDARD
1 0 256 61 0.037778128 STANDARD
1 0 763 62 0.037778128 STANDARD
1 0 899 63 0.037778128 STANDARD
1 0 213 64 0.03772989 STANDARD
1 0 177 65 0.03739065 STANDARD
1 0 549 66 0.03657301 STANDARD
1 0 9 67 0.035252243 STANDARD
1 0 178 68 0.035252243 STANDARD
1 0 401 69 0.035252243 STANDARD
1 0 869 70 0.035252243 STANDARD
1 0 870 71 0.035252243 STANDARD
1 0 873 72 0.035252243 STANDARD
1 0 58 73 0.034836683 STANDARD
1 0 570 74 0.034836683 STANDARD
1 0 174 75 0.03238125 STANDARD
1 0 540 76 0.03238125 STANDARD
1 0 541 77 0.03238125 STANDARD
1 0 876 78 0.03238125 STANDARD
1 0 505 79 0.03233991 STANDARD
1 0 156 80 0.031578477 STANDARD
1 0 262 81 0.031578477 STANDARD
1 0 374 82 0.031578477 STANDARD
1 0 383 83 0.031578477 STANDARD
1 0 464 84 0.031578477 STANDARD
1 0 685 85 0.031578477 STANDARD
1 0 835 86 0.031578477 STANDARD
1 0 99 87 0.031158878 STANDARD
1 0 606 88 0.031158878 STANDARD
1 0 640 89 0.031158878 STANDARD
1 0 875 90 0.031158878 STANDARD
1 0 163 91 0.030845715 STANDARD
1 0 215 92 0.030845715 STANDARD
1 0 404 93 0.030845715 STANDARD
1 0 578 94 0.030845715 STANDARD
1 0 654 95 0.030845715 STANDARD
1 0 112 96 0.027911697 STANDARD
1 0 913 97 0.027911697 STANDARD
1 0 65 98 0.027869347 STANDARD
1 0 220 99 0.02763117 STANDARD
1 0 253 100 0.02763117 STANDARD
2 0 258 1 0.53887266 STANDARD
2 0 162 2 0.47167856 STANDARD
2 0 289 3 0.40066895 STANDARD
2 0 713 4 0.26185372 STANDARD
2 0 418 5 0.19280988 STANDARD
2 0 299 6 0.19226865 STANDARD
2 0 712 7 0.1864556 STANDARD
2 0 236 8 0.18112725 STANDARD
2 0 187 9 0.17983739 STANDARD
2 0 237 10 0.1717812 STANDARD
2 0 760 11 0.14007884 STANDARD
2 0 235 12 0.13430227 STANDARD
2 0 724 13 0.13335809 STANDARD
2 0 291 14 0.13332102 STANDARD
2 0 669 15 0.1276942 STANDARD
2 0 974 16 0.1275871 STANDARD
2 0 64 17 0.1222785 STANDARD
2 0 960 18 0.12152987 STANDARD
2 0 292 19 0.11804318 STANDARD
2 0 413 20 0.116688326 STANDARD
2 0 715 21 0.1146187 STANDARD
2 0 294 22 0.11424242 STANDARD
2 0 708 23 0.11016304 STANDARD
2 0 296 24 0.10778778 STANDARD
2 0 96 25 0.099836744 STANDARD
2 0 723 26 0.098255575 STANDARD
2 0 313 27 0.09557047 STANDARD
2 0 128 28 0.09232297 STANDARD
2 0 272 29 0.08789049 STANDARD
2 0 293 30 0.08657913 STANDARD
2 0 379 31 0.08179076 STANDARD
2 0 979 32 0.081767105 STANDARD
2 0 420 33 0.08161265 STANDARD
2 0 988 34 0.08075879 STANDARD
2 0 422 35 0.08002335 STANDARD
2 0 824 36 0.07980929 STANDARD
2 0 90 37 0.07930269 STANDARD
2 0 290 38 0.07930269 STANDARD
2 0 930 39 0.07903675 STANDARD
2 0 411 40 0.07520157 STANDARD
2 0 80 41 0.07341734 STANDARD
2 0 409 42 0.07291646 STANDARD
2 0 297 43 0.07211258 STANDARD
2 0 410 44 0.071778566 STANDARD
2 0 256 45 0.06704743 STANDARD
2 0 3 46 0.0652418 STANDARD
2 0 880 47 0.064155415 STANDARD
2 0 601 48 0.061276753 STANDARD
2 0 836 49 0.0588638 STANDARD
2 0 1029 50 0.05620681 STANDARD
2 0 301 51 0.055755135 STANDARD
2 0 192 52 0.05522312 STANDARD
2 0 697 53 0.05430816 STANDARD
2 0 295 54 0.051158536 STANDARD
2 0 127 55 0.04778976 STANDARD
2 0 637 56 0.04769486 STANDARD
2 0 315 57 0.046238154 STANDARD
2 0 465 58 0.04515497 STANDARD
2 0 563 59 0.044700023 STANDARD
2 0 692 60 0.044098657 STANDARD
2 0 848 61 0.04320544 STANDARD
2 0 189 62 0.04311256 STANDARD
2 0 982 63 0.041891742 STANDARD
2 0 139 64 0.04167525 STANDARD
2 0 417 65 0.041388486 STANDARD
2 0 457 66 0.04023971 STANDARD
2 0 251 67 0.039970305 STANDARD
2 0 992 68 0.03992591 STANDARD
2 0 249 69 0.03902275 STANDARD
2 0 679 70 0.03866067 STANDARD
2 0 356 71 0.03862829 STANDARD
2 0 414 72 0.03855403 STANDARD
2 0 658 73 0.038028724 STANDARD
2 0 121 74 0.03779052 STANDARD
2 0 85 75 0.03771217 STANDARD
2 0 321 76 0.037243135 STANDARD
2 0 964 77 0.037017647 STANDARD
2 0 209 78 0.036837302 STANDARD
2 0 549 79 0.036837302 STANDARD
2 0 312 80 0.036813825 STANDARD
2 0 269 81 0.03644963 STANDARD
2 0 88 82 0.035346333 STANDARD
2 0 259 83 0.034392532 STANDARD
2 0 118 84 0.034283258 STANDARD
2 0 389 85 0.034077436 STANDARD
2 0 5 86 0.033525016 STANDARD
2 0 507 87 0.032973394 STANDARD
2 0 965 88 0.032406252 STANDARD
2 0 193 89 0.031893425 STANDARD
2 0 662 90 0.031893425 STANDARD
2 0 995 91 0.031515468 STANDARD
2 0 327 92 0.031433143 STANDARD
2 0 386 93 0.0314058 STANDARD
2 0 881 94 0.031383317 STANDARD
2 0 109 95 0.031086925 STANDARD
2 0 261 96 0.03052221 STANDARD
2 0 332 97 0.030117357 STANDARD
2 0 78 98 0.029270945 STANDARD
2 0 915 99 0.029267063 STANDARD
2 0 255 100 0.029054938 STANDARD
3 0 62 1 0.57072407 STANDARD
3 0 277 2 0.54767776 STANDARD
3 0 160 3 0.5290516 STANDARD
3 0 230 4 0.52464724 STANDARD
3 0 286 5 0.4940197 STANDARD
3 0 234 6 0.463075 STANDARD
3 0 276 7 0.463075 STANDARD
3 0 71 8 0.4538711 STANDARD
3 0 70 9 0.44707665 STANDARD
3 0 78 10 0.35670254 STANDARD
3 0 282 11 0.33112404 STANDARD
3 0 275 12 0.30871665 STANDARD
3 0 407 13 0.29161513 STANDARD
3 0 11 14 0.26714212 STANDARD
3 0 186 15 0.25735232 STANDARD
3 0 59 16 0.23889902 STANDARD
3 0 266 17 0.23699866 STANDARD
3 0 906 18 0.22897895 STANDARD
3 0 403 19 0.19301425 STANDARD
3 0 632 20 0.19301425 STANDARD
3 0 856 21 0.17105041 STANDARD
3 0 394 22 0.16877408 STANDARD
3 0 408 23 0.16084519 STANDARD
3 0 288 24 0.1193413 STANDARD
3 0 344 25 0.08186078 STANDARD
3 0 141 26 0.08138198 STANDARD
3 0 523 27 0.08138198 STANDARD
3 0 285 28 0.06510558 STANDARD
3 0 774 29 0.06510558 STANDARD
3 0 341 30 0.06303821 STANDARD
3 0 172 31 0.0626616 STANDARD
3 0 69 32 0.057884313 STANDARD
3 0 163 33 0.05696738 STANDARD
3 0 67 34 0.053158484 STANDARD
3 0 248 35 0.053158484 STANDARD
3 0 281 36 0.053158484 STANDARD
3 0 405 37 0.053158484 STANDARD
3 0 464 38 0.053158484 STANDARD
3 0 982 39 0.053158484 STANDARD
3 0 1003 40 0.053158484 STANDARD
3 0 784 41 0.052531842 STANDARD
3 0 913 42 0.051162988 STANDARD
3 0 619 43 0.050648775 STANDARD
3 0 654 44 0.050648775 STANDARD
3 0 1017 45 0.050057396 STANDARD
3 0 38 46 0.048829183 STANDARD
3 0 258 47 0.048829183 STANDARD
3 0 209 48 0.04698591 STANDARD
3 0 93 49 0.046513673 STANDARD
3 0 143 50 0.043413237 STANDARD
3 0 466 51 0.043413237 STANDARD
3 0 287 52 0.042025473 STANDARD
3 0 399 53 0.04069099 STANDARD
3 0 468 54 0.03986886 STANDARD
3 0 524 55 0.03986886 STANDARD
3 0 178 56 0.037588727 STANDARD
3 0 208 57 0.037588727 STANDARD
3 0 232 58 0.037588727 STANDARD
3 0 278 59 0.037588727 STANDARD
3 0 406 60 0.037588727 STANDARD
3 0 525 61 0.037588727 STANDARD
3 0 508 62 0.036177695 STANDARD
3 0 748 63 0.036177695 STANDARD
3 0 73 64 0.033224054 STANDARD
3 0 207 65 0.033224054 STANDARD
3 0 400 66 0.033224054 STANDARD
3 0 411 67 0.033224054 STANDARD
3 0 736 68 0.033224054 STANDARD
3 0 51 69 0.032890137 STANDARD
3 0 111 70 0.032890137 STANDARD
3 0 173 71 0.032890137 STANDARD
3 0 210 72 0.032890137 STANDARD
3 0 231 73 0.032890137 STANDARD
3 0 233 74 0.032890137 STANDARD
3 0 253 75 0.032890137 STANDARD
3 0 404 76 0.032890137 STANDARD
3 0 720 77 0.032890137 STANDARD
3 0 259 78 0.03255279 STANDARD
3 0 94 79 0.028191544 STANDARD
3 0 176 80 0.028191544 STANDARD
3 0 177 81 0.028191544 STANDARD
3 0 179 82 0.028191544 STANDARD
3 0 245 83 0.028191544 STANDARD
3 0 297 84 0.028191544 STANDARD
3 0 342 85 0.028191544 STANDARD
3 0 402 86 0.028191544 STANDARD
3 0 467 87 0.028191544 STANDARD
3 0 638 88 0.028191544 STANDARD
3 0 75 89 0.026579242 STANDARD
3 0 23 90 0.023492955 STANDARD
3 0 64 91 0.023492955 STANDARD
3 0 274 92 0.023492955 STANDARD
3 0 283 93 0.023492955 STANDARD
3 0 422 94 0.023492955 STANDARD
3 0 459 95 0.023492955 STANDARD
3 0 460 96 0.023492955 STANDARD
3 0 640 97 0.023492955 STANDARD
3 0 473 98 0.021706618 STANDARD
3 0 41 99 0.018794363 STANDARD
3 0 458 100 0.018794363 STANDARD
4 0 234 1 0.614582 STANDARD
4 0 67 2 0.38833153 STANDARD
4 0 407 3 0.38792813 STANDARD
4 0 405 4 0.3691036 STANDARD
4 0 209 5 0.3189226 STANDARD
4 0 177 6 0.31690285 STANDARD
4 0 94 7 0.27174762 STANDARD
4 0 281 8 0.26176688 STANDARD
4 0 179 9 0.2475425 STANDARD
4 0 175 10 0.23825195 STANDARD
4 0 207 11 0.23389035 STANDARD
4 0 173 12 0.2283712 STANDARD
4 0 93 13 0.19599037 STANDARD
4 0 274 14 0.19304192 STANDARD
4 0 523 15 0.19055821 STANDARD
4 0 208 16 0.17763165 STANDARD
4 0 400 17 0.17497155 STANDARD
4 0 654 18 0.1721705 STANDARD
4 0 394 19 0.16360429 STANDARD
4 0 534 20 0.15964945 STANDARD
4 0 156 21 0.1571927 STANDARD
4 0 396 22 0.15633154 STANDARD
4 0 913 23 0.13294636 STANDARD
4 0 178 24 0.1304014 STANDARD
4 0 38 25 0.12787838 STANDARD
4 0 230 26 0.12696439 STANDARD
4 0 59 27 0.12449872 STANDARD
4 0 525 28 0.12449872 STANDARD
4 0 787 29 0.12225206 STANDARD
4 0 206 30 0.12094995 STANDARD
4 0 541 31 0.12045501 STANDARD
4 0 176 32 0.1187881 STANDARD
4 0 784 33 0.11507598 STANDARD
4 0 905 34 0.1141856 STANDARD
4 0 210 35 0.11410122 STANDARD
4 0 532 36 0.11234695 STANDARD
4 0 456 37 0.10697055 STANDARD
4 0 62 38 0.10644078 STANDARD
4 0 70 39 0.10644078 STANDARD
4 0 406 40 0.10644078 STANDARD
4 0 403 41 0.10435108 STANDARD
4 0 755 42 0.10435108 STANDARD
4 0 160 43 0.09935405 STANDARD
4 0 642 44 0.09824544 STANDARD
4 0 652 45 0.09732812 STANDARD
4 0 397 46 0.097258024 STANDARD
4 0 399 47 0.095279105 STANDARD
4 0 556 48 0.09362245 STANDARD
4 0 720 49 0.093135685 STANDARD
4 0 259 50 0.09218042 STANDARD
4 0 108 51 0.086959235 STANDARD
4 0 433 52 0.08336402 STANDARD
4 0 286 53 0.07983059 STANDARD
4 0 402 54 0.07983059 STANDARD
4 0 638 55 0.07983059 STANDARD
4 0 78 56 0.077811696 STANDARD
4 0 702 57 0.07489797 STANDARD
4 0 141 58 0.06803179 STANDARD
4 0 71 59 0.06652549 STANDARD
4 0 283 60 0.06652549 STANDARD
4 0 716 61 0.06553572 STANDARD
4 0 401 62 0.06460498 STANDARD
4 0 643 63 0.058505487 STANDARD
4 0 648 64 0.058505487 STANDARD
4 0 641 65 0.0566477 STANDARD
4 0 775 66 0.056173474 STANDARD
4 0 96 67 0.05449463 STANDARD
4 0 285 68 0.05442543 STANDARD
4 0 774 69 0.05442543 STANDARD
4 0 341 70 0.0526972 STANDARD
4 0 398 71 0.051192302 STANDARD
4 0 656 72 0.051192302 STANDARD
4 0 910 73 0.051192302 STANDARD
4 0 976 74 0.051192302 STANDARD
4 0 190 75 0.050667237 STANDARD
4 0 163 76 0.047622252 STANDARD
4 0 214 77 0.046811227 STANDARD
4 0 965 78 0.046811227 STANDARD
4 0 989 79 0.046811227 STANDARD
4 0 992 80 0.046811227 STANDARD
4 0 540 81 0.04624023 STANDARD
4 0 248 82 0.04443818 STANDARD
4 0 464 83 0.04443818 STANDARD
4 0 982 84 0.04443818 STANDARD
4 0 1003 85 0.04443818 STANDARD
4 0 908 86 0.043222632 STANDARD
4 0 911 87 0.042222705 STANDARD
4 0 1012 88 0.042222705 STANDARD
4 0 634 89 0.041798342 STANDARD
4 0 644 90 0.041798342 STANDARD
4 0 258 91 0.040819075 STANDARD
4 0 299 92 0.040045213 STANDARD
4 0 282 93 0.038484596 STANDARD
4 0 684 94 0.038146246 STANDARD
4 0 15 95 0.03656593 STANDARD
4 0 658 96 0.03656593 STANDARD
4 0 862 97 0.03614765 STANDARD
4 0 295 98 0.03604481 STANDARD
4 0 632 99 0.03582715 STANDARD
4 0 651 100 0.03582715 STANDARD
5 0 329 1 0.94480234 STANDARD
5 0 8 2 0.8675679 STANDARD
5 0 326 3 0.7744936 STANDARD
5 0 7 4 0.50428367 STANDARD
5 0 327 5 0.42934898 STANDARD
5 0 332 6 0.4275647 STANDARD
5 0 333 7 0.41940397 STANDARD
5 0 10 8 0.37568036 STANDARD
5 0 331 9 0.37305278 STANDARD
5 0 325 10 0.33603996 STANDARD
5 0 308 11 0.32351995 STANDARD
5 0 288 12 0.31086275 STANDARD
5 0 159 13 0.31033036 STANDARD
5 0 568 14 0.30209324 STANDARD
5 0 330 15 0.3019854 STANDARD
5 0 158 16 0.29783797 STANDARD
5 0 581 17 0.29232228 STANDARD
5 0 1 18 0.24801135 STANDARD
5 0 304 19 0.24063738 STANDARD
5 0 5 20 0.23988917 STANDARD
5 0 6 21 0.23988917 STANDARD
5 0 328 22 0.23493563 STANDARD
5 0 307 23 0.22616969 STANDARD
5 0 188 24 0.21361217 STANDARD
5 0 324 25 0.2110793 STANDARD
5 0 305 26 0.20810924 STANDARD
5 0 306 27 0.20446274 STANDARD
5 0 387 28 0.19366725 STANDARD
5 0 300 29 0.17167848 STANDARD
5 0 580 30 0.16962726 STANDARD
5 0 758 31 0.16877216 STANDARD
5 0 138 32 0.15992612 STANDARD
5 0 4 33 0.124514006 STANDARD
5 0 470 34 0.12266255 STANDARD
5 0 595 35 0.11994459 STANDARD
5 0 594 36 0.117674164 STANDARD
5 0 851 37 0.10506422 STANDARD
5 0 1006 38 0.10270178 STANDARD
5 0 881 39 0.10187015 STANDARD
5 0 11 40 0.10148126 STANDARD
5 0 50 41 0.09597374 STANDARD
5 0 167 42 0.08993126 STANDARD
5 0 139 43 0.083681144 STANDARD
5 0 2 44 0.08363431 STANDARD
5 0 282 45 0.07854563 STANDARD
5 0 478 46 0.07359753 STANDARD
5 0 985 47 0.07212441 STANDARD
5 0 870 48 0.07199379 STANDARD
5 0 599 49 0.06839386 STANDARD
5 0 700 50 0.06800408 STANDARD
5 0 1020 51 0.066873156 STANDARD
5 0 54 52 0.057510212 STANDARD
5 0 857 53 0.05558809 STANDARD
5 0 160 54 0.05354105 STANDARD
5 0 943 55 0.05351065 STANDARD
5 0 929 56 0.051170535 STANDARD
5 0 174 57 0.051060922 STANDARD
5 0 695 58 0.051060922 STANDARD
5 0 638 59 0.04948894 STANDARD
5 0 846 60 0.04913339 STANDARD
5 0 276 61 0.048683204 STANDARD
5 0 880 62 0.048635606 STANDARD
5 0 732 63 0.046904143 STANDARD
5 0 85 64 0.04548751 STANDARD
5 0 126 65 0.045228794 STANDARD
5 0 165 66 0.045228794 STANDARD
5 0 183 67 0.045228794 STANDARD
5 0 280 68 0.045228794 STANDARD
5 0 536 69 0.044875327 STANDARD
5 0 38 70 0.044558458 STANDARD
5 0 390 71 0.042883717 STANDARD
5 0 483 72 0.04212311 STANDARD
5 0 552 73 0.04212311 STANDARD
5 0 146 74 0.041691065 STANDARD
5 0 234 75 0.041322798 STANDARD
5 0 90 76 0.04064041 STANDARD
5 0 39 77 0.039306715 STANDARD
5 0 72 78 0.039306715 STANDARD
5 0 186 79 0.039306715 STANDARD
5 0 521 80 0.039306715 STANDARD
5 0 41 81 0.038959507 STANDARD
5 0 131 82 0.038843356 STANDARD
5 0 298 83 0.038565747 STANDARD
5 0 600 84 0.038340144 STANDARD
5 0 290 85 0.03713205 STANDARD
5 0 586 86 0.03713205 STANDARD
5 0 94 87 0.03610552 STANDARD
5 0 132 88 0.03610552 STANDARD
5 0 751 89 0.03610552 STANDARD
5 0 508 90 0.034742557 STANDARD
5 0 623 91 0.034435667 STANDARD
5 0 501 92 0.034393374 STANDARD
5 0 899 93 0.034393374 STANDARD
5 0 542 94 0.034345545 STANDARD
5 0 452 95 0.03310084 STANDARD
5 0 29 96 0.032455467 STANDARD
5 0 408 97 0.030087933 STANDARD
5 0 769 98 0.030041078 STANDARD
5 0 472 99 0.02970564 STANDARD
5 0 439 100 0.029480036 STANDARD
6 0 116 1 1.68643 STANDARD
6 0 321 2 1.2226307 STANDARD
6 0 115 3 0.9978534 STANDARD
6 0 260 4 0.96172357 STANDARD
6 0 238 5 0.89671826 STANDARD
6 0 112 6 0.8954576 STANDARD
6 0 122 7 0.8759005 STANDARD
6 0 243 8 0.86317736 STANDARD
6 0 390 9 0.6988605 STANDARD
6 0 242 10 0.672321 STANDARD
6 0 311 11 0.66723984 STANDARD
6 0 118 12 0.6292915 STANDARD
6 0 322 13 0.55968106 STANDARD
6 0 253 14 0.442495 STANDARD
6 0 323 15 0.44050258 STANDARD
6 0 114 16 0.42216727 STANDARD
6 0 310 17 0.4175072 STANDARD
6 0 313 18 0.39402166 STANDARD
6 0 316 19 0.37358418 STANDARD
6 0 31 20 0.35383397 STANDARD
6 0 157 21 0.3246927 STANDARD
6 0 245 22 0.30094403 STANDARD
6 0 320 23 0.28447235 STANDARD
6 0 267 24 0.28110826 STANDARD
6 0 309 25 0.27042753 STANDARD
6 0 246 26 0.25314444 STANDARD
6 0 113 27 0.22966753 STANDARD
6 0 319 28 0.2212475 STANDARD
6 0 57 29 0.19971047 STANDARD
6 0 312 30 0.17769057 STANDARD
6 0 315 31 0.14185314 STANDARD
6 0 385 32 0.14078738 STANDARD
6 0 622 33 0.1366218 STANDARD
6 0 410 34 0.13229422 STANDARD
6 0 282 35 0.12224349 STANDARD
6 0 1028 36 0.11282507 STANDARD
6 0 412 37 0.101401865 STANDARD
6 0 875 38 0.097855896 STANDARD
6 0 1031 39 0.0910812 STANDARD
6 0 380 40 0.08276956 STANDARD
6 0 314 41 0.07802028 STANDARD
6 0 352 42 0.07610217 STANDARD
6 0 685 43 0.07521672 STANDARD
6 0 271 44 0.07431698 STANDARD
6 0 964 45 0.072170965 STANDARD
6 0 361 46 0.06871321 STANDARD
6 0 359 47 0.06726544 STANDARD
6 0 712 48 0.06519717 STANDARD
6 0 62 49 0.0619371 STANDARD
6 0 104 50 0.060450558 STANDARD
6 0 351 51 0.05871354 STANDARD
6 0 573 52 0.05871354 STANDARD
6 0 680 53 0.05871354 STANDARD
6 0 117 54 0.058036048 STANDARD
6 0 293 55 0.057110034 STANDARD
6 0 605 56 0.057076626 STANDARD
6 0 865 57 0.054472953 STANDARD
6 0 961 58 0.051680997 STANDARD
6 0 383 59 0.050888512 STANDARD
6 0 840 60 0.0490289 STANDARD
6 0 884 61 0.048927948 STANDARD
6 0 965 62 0.048927948 STANDARD
6 0 715 63 0.04655777 STANDARD
6 0 240 64 0.046452828 STANDARD
6 0 747 65 0.046452828 STANDARD
6 0 973 66 0.046452828 STANDARD
6 0 144 67 0.046445422 STANDARD
6 0 748 68 0.046445422 STANDARD
6 0 788 69 0.04580005 STANDARD
6 0 368 70 0.04190439 STANDARD
6 0 393 71 0.040481906 STANDARD
6 0 73 72 0.03871069 STANDARD
6 0 596 73 0.03871069 STANDARD
6 0 92 74 0.0385619 STANDARD
6 0 700 75 0.038051084 STANDARD
6 0 499 76 0.03760836 STANDARD
6 0 389 77 0.03598361 STANDARD
6 0 717 78 0.031805318 STANDARD
6 0 88 79 0.03148566 STANDARD
6 0 239 80 0.03148566 STANDARD
6 0 798 81 0.03096855 STANDARD
6 0 1004 82 0.03096855 STANDARD
6 0 125 83 0.030280264 STANDARD
6 0 261 84 0.030280264 STANDARD
6 0 219 85 0.030023947 STANDARD
6 0 617 86 0.028600192 STANDARD
6 0 937 87 0.028600192 STANDARD
6 0 948 88 0.028337153 STANDARD
6 0 244 89 0.027544215 STANDARD
6 0 905 90 0.027097482 STANDARD
6 0 419 91 0.026987707 STANDARD
6 0 387 92 0.026796049 STANDARD
6 0 27 93 0.026142616 STANDARD
6 0 241 94 0.025954511 STANDARD
6 0 124 95 0.025444256 STANDARD
6 0 702 96 0.025444256 STANDARD
6 0 960 97 0.025444256 STANDARD
6 0 1024 98 0.02451445 STANDARD
6 0 994 99 0.024470147 STANDARD
6 0 191 100 0.02404487 STANDARD
7 0 189 1 0.7966196 STANDARD
7 0 261 2 0.74398 STANDARD
7 0 92 3 0.45949197 STANDARD
7 0 391 4 0.44625565 STANDARD
7 0 121 5 0.4217001 STANDARD
7 0 82 6 0.1374816 STANDARD
7 0 387 7 0.13068952 STANDARD
7 0 392 8 0.118906096 STANDARD
7 0 422 9 0.09263262 STANDARD
7 0 745 10 0.09043426 STANDARD
7 0 247 11 0.07321314 STANDARD
7 0 592 12 0.06991273 STANDARD
7 0 253 13 0.06967836 STANDARD
7 0 242 14 0.06596285 STANDARD
7 0 75 15 0.06507998 STANDARD
7 0 60 16 0.06373043 STANDARD
7 0 791 17 0.060752418 STANDARD
7 0 154 18 0.06064536 STANDARD
7 0 1001 19 0.06050536 STANDARD
7 0 409 20 0.059724305 STANDARD
7 0 996 21 0.059070442 STANDARD
7 0 393 22 0.05898809 STANDARD
7 0 385 23 0.05762727 STANDARD
7 0 248 24 0.057417158 STANDARD
7 0 559 25 0.05568128 STANDARD
7 0 1019 26 0.05427234 STANDARD
7 0 788 27 0.05227941 STANDARD
7 0 723 28 0.051464032 STANDARD
7 0 85 29 0.05107673 STANDARD
7 0 555 30 0.05024001 STANDARD
7 0 530 31 0.050216578 STANDARD
7 0 693 32 0.049270038 STANDARD
7 0 382 33 0.048708174 STANDARD
7 0 97 34 0.04789558 STANDARD
7 0 172 35 0.047448665 STANDARD
7 0 55 36 0.045814592 STANDARD
7 0 76 37 0.045759775 STANDARD
7 0 322 38 0.045738194 STANDARD
7 0 267 39 0.045723002 STANDARD
7 0 381 40 0.04490237 STANDARD
7 0 777 41 0.04360699 STANDARD
7 0 157 42 0.042231463 STANDARD
7 0 756 43 0.042231463 STANDARD
7 0 412 44 0.042093407 STANDARD
7 0 383 45 0.040068127 STANDARD
7 0 978 46 0.04005444 STANDARD
7 0 677 47 0.03995135 STANDARD
7 0 507 48 0.03676883 STANDARD
7 0 421 49 0.036578402 STANDARD
7 0 824 50 0.03638285 STANDARD
7 0 420 51 0.035892393 STANDARD
7 0 976 52 0.035047635 STANDARD
7 0 531 53 0.034615763 STANDARD
7 0 458 54 0.034309354 STANDARD
7 0 716 55 0.03391819 STANDARD
7 0 534 56 0.032995876 STANDARD
7 0 776 57 0.03267463 STANDARD
7 0 908 58 0.032512203 STANDARD
7 0 535 59 0.031675596 STANDARD
7 0 577 60 0.031487074 STANDARD
7 0 665 61 0.031192478 STANDARD
7 0 712 62 0.030933382 STANDARD
7 0 888 63 0.0307593 STANDARD
7 0 336 64 0.03024051 STANDARD
7 0 593 65 0.030125631 STANDARD
7 0 260 66 0.029986864 STANDARD
7 0 935 67 0.029185105 STANDARD
7 0 316 68 0.029083414 STANDARD
7 0 914 69 0.02900868 STANDARD
7 0 523 70 0.02892561 STANDARD
7 0 57 71 0.028554818 STANDARD
7 0 239 72 0.028554818 STANDARD
7 0 808 73 0.028319243 STANDARD
7 0 796 74 0.028236773 STANDARD
7 0 814 75 0.026687002 STANDARD
7 0 995 76 0.026174797 STANDARD
7 0 226 77 0.02579623 STANDARD
7 0 942 78 0.025517138 STANDARD
7 0 893 79 0.025272848 STANDARD
7 0 557 80 0.025138922 STANDARD
7 0 209 81 0.024969593 STANDARD
7 0 657 82 0.024779338 STANDARD
7 0 779 83 0.024779338 STANDARD
7 0 695 84 0.024763443 STANDARD
7 0 989 85 0.024725543 STANDARD
7 0 992 86 0.024725543 STANDARD
7 0 1000 87 0.024695525 STANDARD
7 0 388 88 0.024179991 STANDARD
7 0 379 89 0.023093827 STANDARD
7 0 206 90 0.02299574 STANDARD
7 0 297 91 0.022874573 STANDARD
7 0 463 92 0.022874573 STANDARD
7 0 780 93 0.022829115 STANDARD
7 0 319 94 0.022782056 STANDARD
7 0 662 95 0.022782056 STANDARD
7 0 1018 96 0.022405885 STANDARD
7 0 878 97 0.022301003 STANDARD
7 0 314 98 0.022241693 STANDARD
7 0 62 99 0.022179645 STANDARD
7 0 286 100 0.021888828 STANDARD
8 0 52 1 0.69340146 STANDARD
8 0 265 2 0.46413863 STANDARD
8 0 427 3 0.42473325 STANDARD
8 0 430 4 0.41742507 STANDARD
8 0 60 5 0.3999229 STANDARD
8 0 432 6 0.3779775 STANDARD
8 0 658 7 0.3778738 STANDARD
8 0 1028 8 0.36983868 STANDARD
8 0 437 9 0.36946246 STANDARD
8 0 262 10 0.36225513 STANDARD
8 0 436 11 0.33076617 STANDARD
8 0 654 12 0.3294832 STANDARD
8 0 123 13 0.31999904 STANDARD
8 0 435 14 0.31973034 STANDARD
8 0 61 15 0.3136209 STANDARD
8 0 648 16 0.31093955 STANDARD
8 0 992 17 0.30887148 STANDARD
8 0 434 18 0.3079503 STANDARD
8 0 250 19 0.3057731 STANDARD
8 0 274 20 0.30383033 STANDARD
8 0 431 21 0.28915083 STANDARD
8 0 266 22 0.27458346 STANDARD
8 0 264 23 0.27279148 STANDARD
8 0 429 24 0.26755494 STANDARD
8 0 433 25 0.26613533 STANDARD
8 0 1024 26 0.24857648 STANDARD
8 0 81 27 0.24488331 STANDARD
8 0 426 28 0.2318524 STANDARD
8 0 428 29 0.22744828 STANDARD
8 0 857 30 0.21875556 STANDARD
8 0 375 31 0.19725753 STANDARD
8 0 859 32 0.18454254 STANDARD
8 0 24 33 0.17343406 STANDARD
8 0 424 34 0.16694131 STANDARD
8 0 165 35 0.16582997 STANDARD
8 0 183 36 0.16582997 STANDARD
8 0 844 37 0.16275124 STANDARD
8 0 861 38 0.14937504 STANDARD
8 0 596 39 0.14707561 STANDARD
8 0 860 40 0.14669615 STANDARD
8 0 547 41 0.14193152 STANDARD
8 0 564 42 0.13832314 STANDARD
8 0 865 43 0.13255468 STANDARD
8 0 518 44 0.12820491 STANDARD
8 0 562 45 0.12813964 STANDARD
8 0 858 46 0.12631148 STANDARD
8 0 190 47 0.124700405 STANDARD
8 0 862 48 0.12466074 STANDARD
8 0 597 49 0.121909946 STANDARD
8 0 711 50 0.1217709 STANDARD
8 0 120 51 0.121539906 STANDARD
8 0 177 52 0.11885928 STANDARD
8 0 26 53 0.11804533 STANDARD
8 0 263 54 0.1163664 STANDARD
8 0 292 55 0.10735858 STANDARD
8 0 249 56 0.10604965 STANDARD
8 0 697 57 0.10326971 STANDARD
8 0 584 58 0.10252243 STANDARD
8 0 845 59 0.10227966 STANDARD
8 0 378 60 0.10082885 STANDARD
8 0 589 61 0.09826517 STANDARD
8 0 938 62 0.09745645 STANDARD
8 0 843 63 0.09671793 STANDARD
8 0 234 64 0.09567131 STANDARD
8 0 438 65 0.095475554 STANDARD
8 0 45 66 0.09185768 STANDARD
8 0 698 67 0.08891752 STANDARD
8 0 932 68 0.088174246 STANDARD
8 0 598 69 0.08807435 STANDARD
8 0 130 70 0.08698334 STANDARD
8 0 379 71 0.08624609 STANDARD
8 0 534 72 0.085895374 STANDARD
8 0 666 73 0.08280396 STANDARD
8 0 380 74 0.08015068 STANDARD
8 0 57 75 0.080056876 STANDARD
8 0 758 76 0.07869689 STANDARD
8 0 301 77 0.07784804 STANDARD
8 0 929 78 0.077840514 STANDARD
8 0 686 79 0.07776062 STANDARD
8 0 700 80 0.07712573 STANDARD
8 0 412 81 0.0769292 STANDARD
8 0 641 82 0.07588774 STANDARD
8 0 364 83 0.07440905 STANDARD
8 0 49 84 0.072304554 STANDARD
8 0 951 85 0.069746844 STANDARD
8 0 231 86 0.069129325 STANDARD
8 0 602 87 0.06842061 STANDARD
8 0 694 88 0.06755138 STANDARD
8 0 491 89 0.06684549 STANDARD
8 0 854 90 0.06653176 STANDARD
8 0 775 91 0.0656218 STANDARD
8 0 192 92 0.065245815 STANDARD
8 0 270 93 0.064701706 STANDARD
8 0 558 94 0.064295776 STANDARD
8 0 676 95 0.064295776 STANDARD
8 0 551 96 0.06411838 STANDARD
8 0 563 97 0.06360586 STANDARD
8 0 460 98 0.06294141 STANDARD
8 0 907 99 0.062449507 STANDARD
8 0 296 100 0.06147331 STANDARD
9 0 409 1 0.3134641 STANDARD
9 0 421 2 0.28219706 STANDARD
9 0 75 3 0.18341582 STANDARD
9 0 30 4 0.16808464 STANDARD
9 0 267 5 0.16615963 STANDARD
9 0 268 6 0.16282327 STANDARD
9 0 413 7 0.1623465 STANDARD
9 0 657 8 0.14485309 STANDARD
9 0 1000 9 0.11946505 STANDARD
9 0 253 10 0.1130046 STANDARD
9 0 1031 11 0.10916889 STANDARD
9 0 97 12 0.10785625 STANDARD
9 0 422 13 0.10355235 STANDARD
9 0 463 14 0.10330164 STANDARD
9 0 114 15 0.09950572 STANDARD
9 0 194 16 0.09872314 STANDARD
9 0 809 17 0.09617582 STANDARD
9 0 412 18 0.09528977 STANDARD
9 0 420 19 0.08880372 STANDARD
9 0 53 20 0.085069455 STANDARD
9 0 82 21 0.07696837 STANDARD
9 0 415 22 0.076580696 STANDARD
9 0 124 23 0.07294943 STANDARD
9 0 322 24 0.07138136 STANDARD
9 0 111 25 0.069365725 STANDARD
9 0 693 26 0.069162615 STANDARD
9 0 541 27 0.06699282 STANDARD
9 0 423 28 0.06616653 STANDARD
9 0 214 29 0.06603073 STANDARD
9 0 723 30 0.0640077 STANDARD
9 0 31 31 0.06254997 STANDARD
9 0 57 32 0.06189944 STANDARD
9 0 77 33 0.061565913 STANDARD
9 0 139 34 0.059165914 STANDARD
9 0 121 35 0.057792235 STANDARD
9 0 56 36 0.05677982 STANDARD
9 0 954 37 0.056270443 STANDARD
9 0 246 38 0.055869885 STANDARD
9 0 839 39 0.05553311 STANDARD
9 0 272 40 0.054712076 STANDARD
9 0 65 41 0.054544818 STANDARD
9 0 387 42 0.053584002 STANDARD
9 0 755 43 0.052574277 STANDARD
9 0 1029 44 0.05170035 STANDARD
9 0 64 45 0.05012766 STANDARD
9 0 125 46 0.04962385 STANDARD
9 0 85 47 0.048061118 STANDARD
9 0 716 48 0.047129754 STANDARD
9 0 239 49 0.04642733 STANDARD
9 0 1010 50 0.044867564 STANDARD
9 0 90 51 0.044797096 STANDARD
9 0 992 52 0.044797096 STANDARD
9 0 314 53 0.04291596 STANDARD
9 0 467 54 0.041714694 STANDARD
9 0 287 55 0.040843926 STANDARD
9 0 411 56 0.04082086 STANDARD
9 0 385 57 0.03969723 STANDARD
9 0 840 58 0.03913496 STANDARD
9 0 440 59 0.038789913 STANDARD
9 0 877 60 0.038230255 STANDARD
9 0 226 61 0.03789727 STANDARD
9 0 1019 62 0.037804373 STANDARD
9 0 28 63 0.036607042 STANDARD
9 0 62 64 0.03639165 STANDARD
9 0 770 65 0.035861712 STANDARD
9 0 773 66 0.035861712 STANDARD
9 0 669 67 0.03584138 STANDARD
9 0 317 68 0.035763297 STANDARD
9 0 935 69 0.034815636 STANDARD
9 0 636 70 0.034762245 STANDARD
9 0 658 71 0.03409483 STANDARD
9 0 907 72 0.03379445 STANDARD
9 0 995 73 0.033664107 STANDARD
9 0 241 74 0.033650674 STANDARD
9 0 781 75 0.033650674 STANDARD
9 0 189 76 0.033209637 STANDARD
9 0 417 77 0.032461926 STANDARD
9 0 419 78 0.032461926 STANDARD
9 0 301 79 0.03242686 STANDARD
9 0 273 80 0.032423865 STANDARD
9 0 418 81 0.032331046 STANDARD
9 0 195 82 0.032252904 STANDARD
9 0 673 83 0.031858545 STANDARD
9 0 242 84 0.03183877 STANDARD
9 0 391 85 0.03183877 STANDARD
9 0 792 86 0.031706266 STANDARD
9 0 261 87 0.031678576 STANDARD
9 0 95 88 0.031377465 STANDARD
9 0 203 89 0.031377465 STANDARD
9 0 622 90 0.031377465 STANDARD
9 0 789 91 0.030738613 STANDARD
9 0 677 92 0.030317815 STANDARD
9 0 690 93 0.030317815 STANDARD
9 0 233 94 0.029925494 STANDARD
9 0 89 95 0.02978322 STANDARD
9 0 243 96 0.029582957 STANDARD
9 0 325 97 0.028783532 STANDARD
9 0 157 98 0.028465403 STANDARD
9 0 756 99 0.028465403 STANDARD
9 0 661 100 0.028042225 STANDARD
10 0 534 1 0.8530307 STANDARD
10 0 532 2 0.39430916 STANDARD
10 0 556 3 0.328591 STANDARD
10 0 77 4 0.27183303 STANDARD
10 0 702 5 0.2628728 STANDARD
10 0 543 6 0.25066784 STANDARD
10 0 716 7 0.23001368 STANDARD
10 0 52 8 0.22420412 STANDARD
10 0 254 9 0.22195074 STANDARD
10 0 367 10 0.22195074 STANDARD
10 0 539 11 0.22195074 STANDARD
10 0 981 12 0.22195074 STANDARD
10 0 234 13 0.19715458 STANDARD
10 0 775 14 0.19715458 STANDARD
10 0 465 15 0.19416645 STANDARD
10 0 19 16 0.1793633 STANDARD
10 0 257 17 0.1793633 STANDARD
10 0 374 18 0.1793633 STANDARD
10 0 978 19 0.1793633 STANDARD
10 0 214 20 0.1642955 STANDARD
10 0 965 21 0.1642955 STANDARD
10 0 989 22 0.1642955 STANDARD
10 0 992 23 0.1642955 STANDARD
10 0 17 24 0.15694289 STANDARD
10 0 223 25 0.15694289 STANDARD
10 0 256 26 0.15694289 STANDARD
10 0 364 27 0.13452247 STANDARD
10 0 866 28 0.13452247 STANDARD
10 0 428 29 0.11210206 STANDARD
10 0 551 30 0.11210206 STANDARD
10 0 570 31 0.11210206 STANDARD
10 0 985 32 0.11210206 STANDARD
10 0 1009 33 0.11210206 STANDARD
10 0 1020 34 0.11210206 STANDARD
10 0 378 35 0.11097537 STANDARD
10 0 155 36 0.08968165 STANDARD
10 0 533 37 0.08968165 STANDARD
10 0 758 38 0.08968165 STANDARD
10 0 987 39 0.08968165 STANDARD
10 0 438 40 0.078471445 STANDARD
11 0 445 1 0.34858504 STANDARD
11 0 446 2 0.3414571 STANDARD
11 0 990 3 0.29234204 STANDARD
11 0 448 4 0.26589423 STANDARD
11 0 442 5 0.26253933 STANDARD
11 0 447 6 0.26253933 STANDARD
11 0 1031 7 0.23275843 STANDARD
11 0 66 8 0.22883116 STANDARD
11 0 449 9 0.19361824 STANDARD
11 0 228 10 0.18638752 STANDARD
11 0 226 11 0.16134867 STANDARD
11 0 444 12 0.15664752 STANDARD
11 0 441 13 0.15000623 STANDARD
11 0 229 14 0.14445016 STANDARD
11 0 453 15 0.1421574 STANDARD
11 0 861 16 0.13988236 STANDARD
11 0 463 17 0.1358204 STANDARD
11 0 451 18 0.13511525 STANDARD
11 0 785 19 0.13461646 STANDARD
11 0 880 20 0.12621272 STANDARD
11 0 1022 21 0.11763181 STANDARD
11 0 149 22 0.11409074 STANDARD
11 0 460 23 0.11219479 STANDARD
11 0 227 24 0.109641224 STANDARD
11 0 660 25 0.10941722 STANDARD
11 0 148 26 0.107147306 STANDARD
11 0 32 27 0.105037145 STANDARD
11 0 877 28 0.104424916 STANDARD
11 0 775 29 0.102744356 STANDARD
11 0 593 30 0.10226837 STANDARD
11 0 440 31 0.0967638 STANDARD
11 0 151 32 0.0930363 STANDARD
11 0 869 33 0.09088319 STANDARD
11 0 699 34 0.08702076 STANDARD
11 0 584 35 0.08289698 STANDARD
11 0 662 36 0.079400346 STANDARD
11 0 590 37 0.078502685 STANDARD
11 0 563 38 0.07325845 STANDARD
11 0 225 39 0.07309415 STANDARD
11 0 577 40 0.07173061 STANDARD
11 0 697 41 0.06979809 STANDARD
11 0 648 42 0.067253135 STANDARD
11 0 532 43 0.06717191 STANDARD
11 0 189 44 0.06602959 STANDARD
11 0 679 45 0.06296773 STANDARD
11 0 637 46 0.061496474 STANDARD
11 0 800 47 0.057955608 STANDARD
11 0 1006 48 0.057377055 STANDARD
11 0 63 49 0.05695329 STANDARD
11 0 556 50 0.055976592 STANDARD
11 0 443 51 0.054252524 STANDARD
11 0 452 52 0.053696074 STANDARD
11 0 547 53 0.05247311 STANDARD
11 0 29 54 0.05072089 STANDARD
11 0 573 55 0.050439853 STANDARD
11 0 41 56 0.05032454 STANDARD
11 0 758 57 0.048989613 STANDARD
11 0 702 58 0.044781275 STANDARD
11 0 796 59 0.04384266 STANDARD
11 0 567 60 0.04330111 STANDARD
11 0 108 61 0.042033207 STANDARD
11 0 948 62 0.041922536 STANDARD
11 0 20 63 0.04057171 STANDARD
11 0 534 64 0.03958143 STANDARD
11 0 716 65 0.039183613 STANDARD
11 0 795 66 0.0387518 STANDARD
11 0 282 67 0.0377312 STANDARD
11 0 600 68 0.036629226 STANDARD
11 0 70 69 0.033626568 STANDARD
11 0 234 70 0.033585954 STANDARD
11 0 725 71 0.03353803 STANDARD
11 0 986 72 0.03326197 STANDARD
11 0 549 73 0.033142675 STANDARD
11 0 62 74 0.032457367 STANDARD
11 0 975 75 0.031633347 STANDARD
11 0 450 76 0.031001441 STANDARD
11 0 687 77 0.029643709 STANDARD
11 0 417 78 0.029057087 STANDARD
11 0 17 79 0.028400194 STANDARD
11 0 368 80 0.028108902 STANDARD
11 0 214 81 0.027988296 STANDARD
11 0 965 82 0.027988296 STANDARD
11 0 989 83 0.027988296 STANDARD
11 0 992 84 0.027988296 STANDARD
11 0 52 85 0.02796019 STANDARD
11 0 776 86 0.027401662 STANDARD
11 0 191 87 0.027395284 STANDARD
11 0 1024 88 0.025625939 STANDARD
11 0 688 89 0.025153521 STANDARD
11 0 328 90 0.024343023 STANDARD
11 0 339 91 0.024343023 STANDARD
11 0 680 92 0.024343023 STANDARD
11 0 1011 93 0.024343023 STANDARD
11 0 550 94 0.023714967 STANDARD
11 0 560 95 0.023714967 STANDARD
11 0 11 96 0.02328338 STANDARD
11 0 173 97 0.02328338 STANDARD
11 0 256 98 0.02328338 STANDARD
11 0 763 99 0.02328338 STANDARD
11 0 899 100 0.02328338 STANDARD
12 0 19 1 0.6835143 STANDARD
12 0 365 2 0.61158216 STANDARD
12 0 367 3 0.50504726 STANDARD
12 0 373 4 0.39997315 STANDARD
12 0 364 5 0.36733922 STANDARD
12 0 20 6 0.30183402 STANDARD
12 0 371 7 0.27623194 STANDARD
12 0 220 8 0.22385673 STANDARD
12 0 462 9 0.1901262 STANDARD
12 0 368 10 0.15028144 STANDARD
12 0 378 11 0.14880775 STANDARD
12 0 193 12 0.13789059 STANDARD
12 0 865 13 0.088919595 STANDARD
12 0 931 14 0.0885576 STANDARD
12 0 1031 15 0.0883244 STANDARD
12 0 25 16 0.08515139 STANDARD
12 0 850 17 0.08381939 STANDARD
12 0 245 18 0.080475494 STANDARD
12 0 604 19 0.07944964 STANDARD
12 0 635 20 0.07658769 STANDARD
12 0 312 21 0.076306656 STANDARD
12 0 366 22 0.07261012 STANDARD
12 0 638 23 0.07256108 STANDARD
12 0 782 24 0.07182123 STANDARD
12 0 677 25 0.071744695 STANDARD
12 0 269 26 0.06966969 STANDARD
12 0 379 27 0.06646215 STANDARD
12 0 726 28 0.06598463 STANDARD
12 0 844 29 0.06501043 STANDARD
12 0 583 30 0.06431014 STANDARD
12 0 720 31 0.06154046 STANDARD
12 0 701 32 0.061128903 STANDARD
12 0 58 33 0.059496112 STANDARD
12 0 216 34 0.05746892 STANDARD
12 0 284 35 0.057440773 STANDARD
12 0 676 36 0.05691392 STANDARD
12 0 442 37 0.05648542 STANDARD
12 0 930 38 0.054667912 STANDARD
12 0 937 39 0.054667912 STANDARD
12 0 467 40 0.053704977 STANDARD
12 0 243 41 0.052975476 STANDARD
12 0 294 42 0.052889574 STANDARD
12 0 49 43 0.052705903 STANDARD
12 0 685 44 0.05247023 STANDARD
12 0 466 45 0.05216539 STANDARD
12 0 135 46 0.04834633 STANDARD
12 0 933 47 0.04753217 STANDARD
12 0 550 48 0.047163393 STANDARD
12 0 219 49 0.04665818 STANDARD
12 0 218 50 0.04590795 STANDARD
12 0 774 51 0.045391757 STANDARD
12 0 673 52 0.044840433 STANDARD
12 0 1024 53 0.044628054 STANDARD
12 0 317 54 0.04395747 STANDARD
12 0 747 55 0.043954093 STANDARD
12 0 179 56 0.043552045 STANDARD
12 0 678 57 0.043538053 STANDARD
12 0 122 58 0.04335329 STANDARD
12 0 598 59 0.04335201 STANDARD
12 0 947 60 0.043105923 STANDARD
12 0 174 61 0.04181197 STANDARD
12 0 932 62 0.04152366 STANDARD
12 0 684 63 0.04126797 STANDARD
12 0 443 64 0.04110295 STANDARD
12 0 204 65 0.040036514 STANDARD
12 0 868 66 0.039531562 STANDARD
12 0 730 67 0.038930062 STANDARD
12 0 563 68 0.038357917 STANDARD
12 0 17 69 0.03825449 STANDARD
12 0 519 70 0.037780598 STANDARD
12 0 520 71 0.037780598 STANDARD
12 0 107 72 0.03746964 STANDARD
12 0 585 73 0.03697441 STANDARD
12 0 57 74 0.036971446 STANDARD
12 0 847 75 0.036947936 STANDARD
12 0 631 76 0.034843303 STANDARD
12 0 418 77 0.034233324 STANDARD
12 0 647 78 0.03404382 STANDARD
12 0 658 79 0.03373724 STANDARD
12 0 231 80 0.03339816 STANDARD
12 0 334 81 0.03339816 STANDARD
12 0 936 82 0.032911763 STANDARD
12 0 531 83 0.032611873 STANDARD
12 0 910 84 0.032611873 STANDARD
12 0 867 85 0.032505214 STANDARD
12 0 558 86 0.03168981 STANDARD
12 0 962 87 0.03168981 STANDARD
12 0 192 88 0.03148383 STANDARD
12 0 670 89 0.030789947 STANDARD
12 0 862 90 0.03064621 STANDARD
12 0 274 91 0.029828986 STANDARD
12 0 473 92 0.028906515 STANDARD
12 0 162 93 0.028797619 STANDARD
12 0 688 94 0.028768437 STANDARD
12 0 695 95 0.028768437 STANDARD
12 0 751 96 0.028768437 STANDARD
12 0 532 97 0.028626993 STANDARD
12 0 547 98 0.02836985 STANDARD
12 0 588 99 0.02836985 STANDARD
12 0 776 100 0.02836985 STANDARD
13 0 197 1 0.7350567 STANDARD
13 0 481 2 0.64033544 STANDARD
13 0 196 3 0.63372993 STANDARD
13 0 199 4 0.45992765 STANDARD
13 0 146 5 0.4249204 STANDARD
13 0 194 6 0.40374604 STANDARD
13 0 198 7 0.3878901 STANDARD
13 0 21 8 0.37744468 STANDARD
13 0 195 9 0.34359702 STANDARD
13 0 483 10 0.33062175 STANDARD
13 0 144 11 0.30519465 STANDARD
13 0 22 12 0.30379838 STANDARD
13 0 482 13 0.2765524 STANDARD
13 0 479 14 0.2678386 STANDARD
13 0 474 15 0.23497958 STANDARD
13 0 478 16 0.2278488 STANDARD
13 0 471 17 0.20166649 STANDARD
13 0 147 18 0.17405112 STANDARD
13 0 470 19 0.1538409 STANDARD
13 0 145 20 0.12307272 STANDARD
13 0 476 21 0.11091085 STANDARD
13 0 624 22 0.088158466 STANDARD
13 0 472 23 0.08702556 STANDARD
13 0 336 24 0.08412794 STANDARD
13 0 701 25 0.08412794 STANDARD
13 0 604 26 0.0804451 STANDARD
13 0 137 27 0.074111626 STANDARD
13 0 266 28 0.07210966 STANDARD
13 0 339 29 0.07210966 STANDARD
13 0 370 30 0.07210966 STANDARD
13 0 972 31 0.07210966 STANDARD
13 0 64 32 0.07160806 STANDARD
13 0 473 33 0.06861206 STANDARD
13 0 719 34 0.06292018 STANDARD
13 0 477 35 0.060814302 STANDARD
13 0 365 36 0.060091384 STANDARD
13 0 489 37 0.051660303 STANDARD
13 0 224 38 0.049662214 STANDARD
13 0 891 39 0.04807311 STANDARD
13 0 967 40 0.042139787 STANDARD
13 0 179 41 0.03900794 STANDARD
13 0 804 42 0.036494125 STANDARD
13 0 109 43 0.035116486 STANDARD
13 0 889 44 0.032287687 STANDARD
13 0 143 45 0.02979733 STANDARD
13 0 622 46 0.02979733 STANDARD
13 0 707 47 0.02979733 STANDARD
13 0 750 48 0.02979733 STANDARD
13 0 874 49 0.02809319 STANDARD
13 0 74 50 0.027803697 STANDARD
13 0 363 51 0.027803697 STANDARD
13 0 79 52 0.025830152 STANDARD
13 0 759 53 0.025830152 STANDARD
13 0 788 54 0.025830152 STANDARD
13 0 982 55 0.025830152 STANDARD
13 0 58 56 0.024831107 STANDARD
13 0 1020 57 0.024831107 STANDARD
13 0 1027 58 0.024581542 STANDARD
13 0 480 59 0.024329416 STANDARD
13 0 837 60 0.02359222 STANDARD
13 0 274 61 0.022985647 STANDARD
13 0 36 62 0.022601383 STANDARD
13 0 531 63 0.022601383 STANDARD
13 0 657 64 0.022601383 STANDARD
13 0 917 65 0.022601383 STANDARD
13 0 156 66 0.022242958 STANDARD
13 0 217 67 0.022242958 STANDARD
13 0 357 68 0.022242958 STANDARD
13 0 451 69 0.022242958 STANDARD
13 0 582 70 0.022242958 STANDARD
13 0 787 71 0.022242958 STANDARD
13 0 823 72 0.022242958 STANDARD
13 0 993 73 0.022242958 STANDARD
13 0 541 74 0.021069894 STANDARD
13 0 598 75 0.021069894 STANDARD
13 0 680 76 0.021069894 STANDARD
13 0 853 77 0.021069894 STANDARD
13 0 49 78 0.01946259 STANDARD
13 0 752 79 0.01946259 STANDARD
13 0 981 80 0.01946259 STANDARD
13 0 906 81 0.019372612 STANDARD
13 0 469 82 0.018716494 STANDARD
13 0 485 83 0.018264676 STANDARD
13 0 457 84 0.017558243 STANDARD
13 0 216 85 0.016682219 STANDARD
13 0 219 86 0.016682219 STANDARD
13 0 251 87 0.016682219 STANDARD
13 0 362 88 0.016682219 STANDARD
13 0 402 89 0.016682219 STANDARD
13 0 973 90 0.016682219 STANDARD
13 0 1024 91 0.016682219 STANDARD
13 0 209 92 0.016143844 STANDARD
13 0 878 93 0.016143844 STANDARD
13 0 358 94 0.01598159 STANDARD
13 0 12 95 0.013901848 STANDARD
13 0 126 96 0.013901848 STANDARD
13 0 361 97 0.013901848 STANDARD
13 0 728 98 0.013901848 STANDARD
13 0 776 99 0.013901848 STANDARD
13 0 921 100 0.013901848 STANDARD
14 0 457 1 0.3625811 STANDARD
14 0 23 2 0.3227219 STANDARD
14 0 29 3 0.3011966 STANDARD
14 0 25 4 0.27114862 STANDARD
14 0 861 5 0.25207427 STANDARD
14 0 26 6 0.24914688 STANDARD
14 0 463 7 0.23168918 STANDARD
14 0 17 8 0.2272809 STANDARD
14 0 371 9 0.22201718 STANDARD
14 0 454 10 0.1627393 STANDARD
14 0 460 11 0.13848263 STANDARD
14 0 455 12 0.124614924 STANDARD
14 0 785 13 0.1245037 STANDARD
14 0 459 14 0.12089189 STANDARD
14 0 662 15 0.11257181 STANDARD
14 0 1006 16 0.09660535 STANDARD
14 0 1022 17 0.09370428 STANDARD
14 0 442 18 0.09308822 STANDARD
14 0 193 19 0.08675809 STANDARD
14 0 461 20 0.08227071 STANDARD
14 0 448 21 0.08133338 STANDARD
14 0 877 22 0.080419675 STANDARD
14 0 364 23 0.08038131 STANDARD
14 0 545 24 0.078516796 STANDARD
14 0 299 25 0.07423164 STANDARD
14 0 368 26 0.07184573 STANDARD
14 0 445 27 0.07020552 STANDARD
14 0 370 28 0.06927684 STANDARD
14 0 958 29 0.06885903 STANDARD
14 0 999 30 0.06782856 STANDARD
14 0 666 31 0.06759874 STANDARD
14 0 680 32 0.062357843 STANDARD
14 0 867 33 0.06168385 STANDARD
14 0 467 34 0.06166731 STANDARD
14 0 678 35 0.060729384 STANDARD
14 0 995 36 0.0599369 STANDARD
14 0 466 37 0.059615858 STANDARD
14 0 365 38 0.059430152 STANDARD
14 0 707 39 0.059148025 STANDARD
14 0 675 40 0.058466863 STANDARD
14 0 20 41 0.057269886 STANDARD
14 0 699 42 0.056686413 STANDARD
14 0 66 43 0.056335792 STANDARD
14 0 577 44 0.05579409 STANDARD
14 0 378 45 0.055617332 STANDARD
14 0 24 46 0.05557324 STANDARD
14 0 114 47 0.054615412 STANDARD
14 0 208 48 0.054319218 STANDARD
14 0 446 49 0.05285279 STANDARD
14 0 246 50 0.052320484 STANDARD
14 0 594 51 0.05229038 STANDARD
14 0 367 52 0.05072578 STANDARD
14 0 667 53 0.050584354 STANDARD
14 0 638 54 0.050224822 STANDARD
14 0 709 55 0.050121512 STANDARD
14 0 942 56 0.04982429 STANDARD
14 0 62 57 0.049208656 STANDARD
14 0 693 58 0.049196444 STANDARD
14 0 841 59 0.047842886 STANDARD
14 0 950 60 0.04729698 STANDARD
14 0 495 61 0.04695206 STANDARD
14 0 465 62 0.04667113 STANDARD
14 0 458 63 0.04653042 STANDARD
14 0 676 64 0.046475533 STANDARD
14 0 328 65 0.044994354 STANDARD
14 0 851 66 0.04471929 STANDARD
14 0 251 67 0.043737974 STANDARD
14 0 223 68 0.043602943 STANDARD
14 0 589 69 0.043371607 STANDARD
14 0 701 70 0.043229762 STANDARD
14 0 65 71 0.043161474 STANDARD
14 0 588 72 0.042356215 STANDARD
14 0 672 73 0.04220845 STANDARD
14 0 86 74 0.040674977 STANDARD
14 0 686 75 0.04038849 STANDARD
14 0 510 76 0.03930924 STANDARD
14 0 665 77 0.038559653 STANDARD
14 0 881 78 0.038492236 STANDARD
14 0 696 79 0.038386706 STANDARD
14 0 670 80 0.03837422 STANDARD
14 0 570 81 0.038345747 STANDARD
14 0 779 82 0.03764117 STANDARD
14 0 590 83 0.037155718 STANDARD
14 0 1011 84 0.03711341 STANDARD
14 0 179 85 0.036529843 STANDARD
14 0 850 86 0.036389086 STANDARD
14 0 943 87 0.035403356 STANDARD
14 0 1003 88 0.035202548 STANDARD
14 0 972 89 0.0350678 STANDARD
14 0 1031 90 0.03486135 STANDARD
14 0 775 91 0.033936597 STANDARD
14 0 658 92 0.03355416 STANDARD
14 0 468 93 0.033484086 STANDARD
14 0 863 94 0.03333263 STANDARD
14 0 19 95 0.03311098 STANDARD
14 0 677 96 0.03311098 STANDARD
14 0 935 97 0.03298829 STANDARD
14 0 97 98 0.032722134 STANDARD
14 0 992 99 0.032659397 STANDARD
14 0 1033 100 0.032429095 STANDARD
15 0 361 1 0.39310524 STANDARD
15 0 355 2 0.3082584 STANDARD
15 0 350 3 0.2814538 STANDARD
15 0 107 4 0.20089829 STANDARD
15 0 218 5 0.16535193 STANDARD
15 0 103 6 0.12200951 STANDARD
15 0 102 7 0.11271196 STANDARD
15 0 106 8 0.09420916 STANDARD
15 0 357 9 0.09174804 STANDARD
15 0 219 10 0.08921258 STANDARD
15 0 217 11 0.082666576 STANDARD
15 0 353 12 0.07921538 STANDARD
15 0 358 13 0.0752296 STANDARD
15 0 220 14 0.07375049 STANDARD
15 0 110 15 0.069267854 STANDARD
15 0 356 16 0.06632221 STANDARD
15 0 351 17 0.061454047 STANDARD
15 0 365 18 0.056919567 STANDARD
15 0 928 19 0.056636505 STANDARD
15 0 98 20 0.055723123 STANDARD
15 0 382 21 0.05219874 STANDARD
15 0 800 22 0.049716108 STANDARD
15 0 936 23 0.04889092 STANDARD
15 0 972 24 0.044495463 STANDARD
15 0 427 25 0.0379455 STANDARD
15 0 756 26 0.036131296 STANDARD
15 0 811 27 0.036081336 STANDARD
15 0 354 28 0.036061145 STANDARD
15 0 810 29 0.034223646 STANDARD
15 0 364 30 0.033962566 STANDARD
15 0 135 31 0.033114158 STANDARD
15 0 893 32 0.031215582 STANDARD
15 0 709 33 0.030858543 STANDARD
15 0 49 34 0.030170403 STANDARD
15 0 195 35 0.029960174 STANDARD
15 0 908 36 0.029958382 STANDARD
15 0 128 37 0.02860975 STANDARD
15 0 31 38 0.02756514 STANDARD
15 0 251 39 0.027159547 STANDARD
15 0 777 40 0.027159547 STANDARD
15 0 360 41 0.026932742 STANDARD
15 0 1024 42 0.02643662 STANDARD
15 0 625 43 0.026394896 STANDARD
15 0 284 44 0.025860345 STANDARD
15 0 885 45 0.025487415 STANDARD
15 0 100 46 0.025016561 STANDARD
15 0 1009 47 0.024966814 STANDARD
15 0 282 48 0.024924684 STANDARD
15 0 465 49 0.024735637 STANDARD
15 0 802 50 0.024522644 STANDARD
15 0 753 51 0.02444546 STANDARD
15 0 109 52 0.02403955 STANDARD
15 0 804 53 0.023474483 STANDARD
15 0 589 54 0.022632957 STANDARD
15 0 388 55 0.02235236 STANDARD
15 0 204 56 0.021550288 STANDARD
15 0 816 57 0.020435538 STANDARD
15 0 924 58 0.020081026 STANDARD
15 0 369 59 0.020050023 STANDARD
15 0 892 60 0.020050023 STANDARD
15 0 446 61 0.019891618 STANDARD
15 0 1033 62 0.01974131 STANDARD
15 0 819 63 0.019675307 STANDARD
15 0 288 64 0.019330893 STANDARD
15 0 222 65 0.01885292 STANDARD
15 0 754 66 0.018550057 STANDARD
15 0 604 67 0.018205296 STANDARD
15 0 259 68 0.018106366 STANDARD
15 0 34 69 0.017761331 STANDARD
15 0 151 70 0.01724023 STANDARD
15 0 379 71 0.01724023 STANDARD
15 0 118 72 0.017111823 STANDARD
15 0 742 73 0.016827686 STANDARD
15 0 769 74 0.016348429 STANDARD
15 0 766 75 0.0162313 STANDARD
15 0 341 76 0.01604584 STANDARD
15 0 782 77 0.01604584 STANDARD
15 0 864 78 0.01604584 STANDARD
15 0 165 79 0.01570539 STANDARD
15 0 183 80 0.01570539 STANDARD
15 0 35 81 0.015128164 STANDARD
15 0 200 82 0.015128164 STANDARD
15 0 711 83 0.015085202 STANDARD
15 0 619 84 0.014652351 STANDARD
15 0 25 85 0.01419943 STANDARD
15 0 383 86 0.013840558 STANDARD
15 0 633 87 0.01378257 STANDARD
15 0 697 88 0.01378257 STANDARD
15 0 374 89 0.013598824 STANDARD
15 0 296 90 0.013371534 STANDARD
15 0 300 91 0.013371534 STANDARD
15 0 551 92 0.013371534 STANDARD
15 0 564 93 0.013371534 STANDARD
15 0 567 94 0.013371534 STANDARD
15 0 611 95 0.013366682 STANDARD
15 0 291 96 0.013261079 STANDARD
15 0 593 97 0.013261079 STANDARD
15 0 602 98 0.013116872 STANDARD
15 0 969 99 0.013116872 STANDARD
15 0 621 100 0.012732688 STANDARD
16 0 36 1 0.72031057 STANDARD
16 0 202 2 0.7083862 STANDARD
16 0 494 3 0.55112624 STANDARD
16 0 807 4 0.48974144 STANDARD
16 0 488 5 0.45719165 STANDARD
16 0 99 6 0.41912538 STANDARD
16 0 818 7 0.3719286 STANDARD
16 0 98 8 0.32099956 STANDARD
16 0 492 9 0.31998807 STANDARD
16 0 812 10 0.2926942 STANDARD
16 0 800 11 0.28325865 STANDARD
16 0 484 12 0.2514394 STANDARD
16 0 486 13 0.24678607 STANDARD
16 0 205 14 0.24504884 STANDARD
16 0 35 15 0.2261427 STANDARD
16 0 204 16 0.21843089 STANDARD
16 0 496 17 0.20868394 STANDARD
16 0 491 18 0.19438955 STANDARD
16 0 493 19 0.19026166 STANDARD
16 0 608 20 0.18853214 STANDARD
16 0 203 21 0.17941673 STANDARD
16 0 253 22 0.16375066 STANDARD
16 0 711 23 0.14585967 STANDARD
16 0 805 24 0.13930278 STANDARD
16 0 631 25 0.13337398 STANDARD
16 0 200 26 0.12832326 STANDARD
16 0 891 27 0.11157922 STANDARD
16 0 509 28 0.10869071 STANDARD
16 0 498 29 0.108425975 STANDARD
16 0 609 30 0.104311705 STANDARD
16 0 490 31 0.10063021 STANDARD
16 0 481 32 0.093930915 STANDARD
16 0 495 33 0.0928318 STANDARD
16 0 811 34 0.088881575 STANDARD
16 0 915 35 0.08864163 STANDARD
16 0 497 36 0.08785725 STANDARD
16 0 365 37 0.08748656 STANDARD
16 0 612 38 0.085578844 STANDARD
16 0 814 39 0.08543671 STANDARD
16 0 657 40 0.08133922 STANDARD
16 0 707 41 0.08071297 STANDARD
16 0 473 42 0.07899734 STANDARD
16 0 489 43 0.078581914 STANDARD
16 0 189 44 0.07848206 STANDARD
16 0 97 45 0.07823468 STANDARD
16 0 907 46 0.07816209 STANDARD
16 0 922 47 0.076455444 STANDARD
16 0 813 48 0.07545809 STANDARD
16 0 399 49 0.072416805 STANDARD
16 0 613 50 0.06902571 STANDARD
16 0 349 51 0.068590246 STANDARD
16 0 894 52 0.06824994 STANDARD
16 0 920 53 0.06570408 STANDARD
16 0 378 54 0.06565283 STANDARD
16 0 809 55 0.06394517 STANDARD
16 0 849 56 0.063923955 STANDARD
16 0 633 57 0.06261828 STANDARD
16 0 886 58 0.061887313 STANDARD
16 0 201 59 0.06102847 STANDARD
16 0 516 60 0.06036679 STANDARD
16 0 927 61 0.060266916 STANDARD
16 0 142 62 0.060024288 STANDARD
16 0 614 63 0.059551813 STANDARD
16 0 799 64 0.05798079 STANDARD
16 0 312 65 0.056215823 STANDARD
16 0 324 66 0.056186333 STANDARD
16 0 599 67 0.056174424 STANDARD
16 0 304 68 0.0548649 STANDARD
16 0 487 69 0.054549243 STANDARD
16 0 947 70 0.05431514 STANDARD
16 0 820 71 0.053659268 STANDARD
16 0 622 72 0.053525124 STANDARD
16 0 321 73 0.05217475 STANDARD
16 0 607 74 0.0520135 STANDARD
16 0 616 75 0.050901353 STANDARD
16 0 107 76 0.050691765 STANDARD
16 0 332 77 0.049908116 STANDARD
16 0 121 78 0.048961133 STANDARD
16 0 130 79 0.048961133 STANDARD
16 0 180 80 0.048961133 STANDARD
16 0 391 81 0.048961133 STANDARD
16 0 100 82 0.048959557 STANDARD
16 0 466 83 0.04726588 STANDARD
16 0 1009 84 0.046565574 STANDARD
16 0 798 85 0.046439987 STANDARD
16 0 485 86 0.04621336 STANDARD
16 0 918 87 0.045200802 STANDARD
16 0 881 88 0.045169383 STANDARD
16 0 970 89 0.044580877 STANDARD
16 0 327 90 0.044199362 STANDARD
16 0 626 91 0.04383956 STANDARD
16 0 660 92 0.043704018 STANDARD
16 0 841 93 0.043676227 STANDARD
16 0 817 94 0.043339383 STANDARD
16 0 218 95 0.043243356 STANDARD
16 0 73 96 0.042525105 STANDARD
16 0 477 97 0.04244358 STANDARD
16 0 854 98 0.04244358 STANDARD
16 0 766 99 0.042226385 STANDARD
16 0 620 100 0.042153373 STANDARD
17 0 134 1 0.20673154 STANDARD
17 0 133 2 0.19990666 STANDARD
17 0 127 3 0.1753812 STANDARD
17 0 600 4 0.17326641 STANDARD
17 0 652 5 0.10683803 STANDARD
17 0 865 6 0.1025266 STANDARD
17 0 445 7 0.09134577 STANDARD
17 0 38 8 0.0908131 STANDARD
17 0 1031 9 0.0874207 STANDARD
17 0 573 10 0.08336972 STANDARD
17 0 604 11 0.082951166 STANDARD
17 0 1029 12 0.08247 STANDARD
17 0 528 13 0.08215565 STANDARD
17 0 526 14 0.08037973 STANDARD
17 0 758 15 0.07979229 STANDARD
17 0 182 16 0.07904426 STANDARD
17 0 4 17 0.07888605 STANDARD
17 0 880 18 0.07807947 STANDARD
17 0 525 19 0.07564549 STANDARD
17 0 58 20 0.07115928 STANDARD
17 0 187 21 0.06840414 STANDARD
17 0 390 22 0.06492999 STANDARD
17 0 216 23 0.06322866 STANDARD
17 0 859 24 0.062258266 STANDARD
17 0 425 25 0.06174708 STANDARD
17 0 473 26 0.061529174 STANDARD
17 0 368 27 0.060507614 STANDARD
17 0 544 28 0.05981907 STANDARD
17 0 700 29 0.059578266 STANDARD
17 0 631 30 0.059284225 STANDARD
17 0 874 31 0.058370758 STANDARD
17 0 517 32 0.056925114 STANDARD
17 0 293 33 0.05542072 STANDARD
17 0 879 34 0.055299897 STANDARD
17 0 129 35 0.054969363 STANDARD
17 0 188 36 0.05304211 STANDARD
17 0 327 37 0.05193256 STANDARD
17 0 542 38 0.05163647 STANDARD
17 0 562 39 0.051635034 STANDARD
17 0 379 40 0.051524613 STANDARD
17 0 334 41 0.05140557 STANDARD
17 0 50 42 0.05138934 STANDARD
17 0 82 43 0.05054101 STANDARD
17 0 571 44 0.049925104 STANDARD
17 0 883 45 0.049048018 STANDARD
17 0 304 46 0.048983917 STANDARD
17 0 578 47 0.048708994 STANDARD
17 0 301 48 0.04808883 STANDARD
17 0 535 49 0.048041716 STANDARD
17 0 903 50 0.047128253 STANDARD
17 0 162 51 0.04676359 STANDARD
17 0 593 52 0.046063304 STANDARD
17 0 272 53 0.045040447 STANDARD
17 0 910 54 0.044806108 STANDARD
17 0 753 55 0.04463665 STANDARD
17 0 882 56 0.043246977 STANDARD
17 0 835 57 0.043201286 STANDARD
17 0 884 58 0.042469367 STANDARD
17 0 298 59 0.04246574 STANDARD
17 0 718 60 0.041935053 STANDARD
17 0 547 61 0.041786578 STANDARD
17 0 637 62 0.04140472 STANDARD
17 0 816 63 0.04138909 STANDARD
17 0 751 64 0.04109719 STANDARD
17 0 735 65 0.041042678 STANDARD
17 0 42 66 0.04088755 STANDARD
17 0 48 67 0.040215053 STANDARD
17 0 601 68 0.040140625 STANDARD
17 0 505 69 0.040119976 STANDARD
17 0 701 70 0.04001738 STANDARD
17 0 164 71 0.039763197 STANDARD
17 0 128 72 0.039209895 STANDARD
17 0 427 73 0.03847106 STANDARD
17 0 534 74 0.037786882 STANDARD
17 0 256 75 0.037635893 STANDARD
17 0 633 76 0.037606075 STANDARD
17 0 44 77 0.0374773 STANDARD
17 0 185 78 0.03714594 STANDARD
17 0 1025 79 0.03650641 STANDARD
17 0 57 80 0.036218304 STANDARD
17 0 418 81 0.036203656 STANDARD
17 0 205 82 0.03611974 STANDARD
17 0 687 83 0.035967406 STANDARD
17 0 743 84 0.035953462 STANDARD
17 0 747 85 0.035713594 STANDARD
17 0 681 86 0.03542315 STANDARD
17 0 981 87 0.035241995 STANDARD
17 0 1005 88 0.03517793 STANDARD
17 0 143 89 0.035125293 STANDARD
17 0 300 90 0.03472965 STANDARD
17 0 348 91 0.03434663 STANDARD
17 0 125 92 0.03403709 STANDARD
17 0 564 93 0.033909813 STANDARD
17 0 987 94 0.03355934 STANDARD
17 0 755 95 0.03327831 STANDARD
17 0 746 96 0.033097293 STANDARD
17 0 41 97 0.033091955 STANDARD
17 0 813 98 0.033029143 STANDARD
17 0 237 99 0.032646593 STANDARD
17 0 325 100 0.0326383 STANDARD
18 0 134 1 0.94019824 STANDARD
18 0 528 2 0.7205173 STANDARD
18 0 45 3 0.67082334 STANDARD
18 0 525 4 0.55362487 STANDARD
18 0 49 5 0.46957636 STANDARD
18 0 526 6 0.4501413 STANDARD
18 0 523 7 0.44164377 STANDARD
18 0 51 8 0.42230764 STANDARD
18 0 48 9 0.402494 STANDARD
18 0 517 10 0.3808614 STANDARD
18 0 81 11 0.33159074 STANDARD
18 0 46 12 0.31829798 STANDARD
18 0 524 13 0.29360396 STANDARD
18 0 527 14 0.2922826 STANDARD
18 0 467 15 0.27378017 STANDARD
18 0 379 16 0.24668762 STANDARD
18 0 68 17 0.2261147 STANDARD
18 0 514 18 0.17665751 STANDARD
18 0 43 19 0.15614466 STANDARD
18 0 516 20 0.1529899 STANDARD
18 0 521 21 0.1529899 STANDARD
18 0 1031 22 0.14103459 STANDARD
18 0 133 23 0.13962486 STANDARD
18 0 992 24 0.13962486 STANDARD
18 0 250 25 0.12519367 STANDARD
18 0 50 26 0.12266424 STANDARD
18 0 515 27 0.11041094 STANDARD
18 0 251 28 0.0936868 STANDARD
18 0 297 29 0.09199818 STANDARD
18 0 459 30 0.088525295 STANDARD
18 0 583 31 0.08832876 STANDARD
18 0 677 32 0.08832876 STANDARD
18 0 998 33 0.08832876 STANDARD
18 0 955 34 0.07728766 STANDARD
18 0 171 35 0.070805624 STANDARD
18 0 391 36 0.06624657 STANDARD
18 0 135 37 0.061967704 STANDARD
18 0 693 38 0.061967704 STANDARD
18 0 644 39 0.061954923 STANDARD
18 0 656 40 0.061954923 STANDARD
18 0 59 41 0.057812553 STANDARD
18 0 643 42 0.057812553 STANDARD
18 0 736 43 0.05520547 STANDARD
18 0 54 44 0.053115174 STANDARD
18 0 364 45 0.053115174 STANDARD
18 0 691 46 0.053115174 STANDARD
18 0 783 47 0.053115174 STANDARD
18 0 785 48 0.053115174 STANDARD
18 0 651 49 0.053104218 STANDARD
18 0 924 50 0.05109956 STANDARD
18 0 657 51 0.050585985 STANDARD
18 0 368 52 0.05007747 STANDARD
18 0 44 53 0.044262648 STANDARD
18 0 86 54 0.044262648 STANDARD
18 0 518 55 0.043359414 STANDARD
18 0 554 56 0.043359414 STANDARD
18 0 592 57 0.043359414 STANDARD
18 0 962 58 0.043359414 STANDARD
18 0 62 59 0.04087965 STANDARD
18 0 72 60 0.04087965 STANDARD
18 0 119 61 0.04087965 STANDARD
18 0 161 62 0.04087965 STANDARD
18 0 257 63 0.04087965 STANDARD
18 0 345 64 0.04087965 STANDARD
18 0 575 65 0.04087965 STANDARD
18 0 615 66 0.04087965 STANDARD
18 0 635 67 0.04087965 STANDARD
18 0 835 68 0.04087965 STANDARD
18 0 919 69 0.04087965 STANDARD
18 0 126 70 0.036132846 STANDARD
18 0 198 71 0.036132846 STANDARD
18 0 274 72 0.036132846 STANDARD
18 0 365 73 0.036132846 STANDARD
18 0 455 74 0.036132846 STANDARD
18 0 660 75 0.036132846 STANDARD
18 0 805 76 0.036132846 STANDARD
18 0 913 77 0.036132846 STANDARD
18 0 173 78 0.035769694 STANDARD
18 0 425 79 0.035769694 STANDARD
18 0 483 80 0.035769694 STANDARD
18 0 899 81 0.035769694 STANDARD
18 0 909 82 0.035769694 STANDARD
18 0 652 83 0.035402812 STANDARD
18 0 927 84 0.035402812 STANDARD
18 0 24 85 0.030659735 STANDARD
18 0 85 86 0.030659735 STANDARD
18 0 216 87 0.030659735 STANDARD
18 0 266 88 0.030659735 STANDARD
18 0 330 89 0.030659735 STANDARD
18 0 409 90 0.030659735 STANDARD
18 0 486 91 0.030659735 STANDARD
18 0 537 92 0.030659735 STANDARD
18 0 641 93 0.030659735 STANDARD
18 0 655 94 0.030659735 STANDARD
18 0 751 95 0.030659735 STANDARD
18 0 755 96 0.030659735 STANDARD
18 0 804 97 0.030659735 STANDARD
18 0 813 98 0.030659735 STANDARD
18 0 926 99 0.030659735 STANDARD
18 0 1000 100 0.030659735 STANDARD
19 0 861 1 1.0177232 STANDARD
19 0 844 2 0.81122595 STANDARD
19 0 847 3 0.6754109 STANDARD
19 0 859 4 0.5662124 STANDARD
19 0 863 5 0.452188 STANDARD
19 0 864 6 0.4096574 STANDARD
19 0 551 7 0.36436272 STANDARD
19 0 555 8 0.36009008 STANDARD
19 0 562 9 0.33936128 STANDARD
19 0 564 10 0.3147292 STANDARD
19 0 865 11 0.27971974 STANDARD
19 0 547 12 0.23193513 STANDARD
19 0 518 13 0.2158121 STANDARD
19 0 678 14 0.21347928 STANDARD
19 0 880 15 0.21288244 STANDARD
19 0 545 16 0.21092877 STANDARD
19 0 591 17 0.17728344 STANDARD
19 0 860 18 0.17534564 STANDARD
19 0 552 19 0.1728191 STANDARD
19 0 563 20 0.16721083 STANDARD
19 0 1018 21 0.15967664 STANDARD
19 0 225 22 0.14606388 STANDARD
19 0 554 23 0.14508876 STANDARD
19 0 858 24 0.14282924 STANDARD
19 0 590 25 0.13932446 STANDARD
19 0 947 26 0.13246915 STANDARD
19 0 854 27 0.130441 STANDARD
19 0 695 28 0.13015892 STANDARD
19 0 866 29 0.1250715 STANDARD
19 0 581 30 0.12423146 STANDARD
19 0 694 31 0.122112244 STANDARD
19 0 558 32 0.11423947 STANDARD
19 0 775 33 0.11415707 STANDARD
19 0 869 34 0.10970856 STANDARD
19 0 593 35 0.107955545 STANDARD
19 0 671 36 0.103230655 STANDARD
19 0 588 37 0.10252507 STANDARD
19 0 556 38 0.10167187 STANDARD
19 0 932 39 0.09146568 STANDARD
19 0 600 40 0.089733824 STANDARD
19 0 584 41 0.08619376 STANDARD
19 0 550 42 0.08447839 STANDARD
19 0 725 43 0.08158967 STANDARD
19 0 582 44 0.0813375 STANDARD
19 0 548 45 0.08110417 STANDARD
19 0 577 46 0.080938995 STANDARD
19 0 135 47 0.07953688 STANDARD
19 0 544 48 0.077968836 STANDARD
19 0 1031 49 0.07741069 STANDARD
19 0 675 50 0.07687246 STANDARD
19 0 585 51 0.076524965 STANDARD
19 0 745 52 0.076055326 STANDARD
19 0 845 53 0.07358841 STANDARD
19 0 29 54 0.07351647 STANDARD
19 0 594 55 0.07309364 STANDARD
19 0 940 56 0.072812885 STANDARD
19 0 1006 57 0.07182813 STANDARD
19 0 553 58 0.071535066 STANDARD
19 0 597 59 0.071463585 STANDARD
19 0 850 60 0.0710489 STANDARD
19 0 177 61 0.0696215 STANDARD
19 0 87 62 0.0692399 STANDARD
19 0 448 63 0.06903784 STANDARD
19 0 41 64 0.0688791 STANDARD
19 0 848 65 0.068096526 STANDARD
19 0 442 66 0.06710395 STANDARD
19 0 857 67 0.065639794 STANDARD
19 0 578 68 0.064981475 STANDARD
19 0 661 69 0.06439016 STANDARD
19 0 882 70 0.06312987 STANDARD
19 0 686 71 0.06267875 STANDARD
19 0 950 72 0.06231466 STANDARD
19 0 698 73 0.060511425 STANDARD
19 0 592 74 0.060389355 STANDARD
19 0 457 75 0.059336163 STANDARD
19 0 684 76 0.059280068 STANDARD
19 0 443 77 0.058611434 STANDARD
19 0 663 78 0.058582533 STANDARD
19 0 666 79 0.057564646 STANDARD
19 0 598 80 0.05751767 STANDARD
19 0 870 81 0.05669832 STANDARD
19 0 463 82 0.05597613 STANDARD
19 0 505 83 0.0555132 STANDARD
19 0 949 84 0.05460749 STANDARD
19 0 63 85 0.053110063 STANDARD
19 0 929 86 0.053102493 STANDARD
19 0 570 87 0.052953333 STANDARD
19 0 662 88 0.05284273 STANDARD
19 0 378 89 0.052330784 STANDARD
19 0 561 90 0.051928878 STANDARD
19 0 692 91 0.051928878 STANDARD
19 0 952 92 0.0517358 STANDARD
19 0 881 93 0.05083976 STANDARD
19 0 541 94 0.0502136 STANDARD
19 0 696 95 0.050126873 STANDARD
19 0 589 96 0.050114706 STANDARD
19 0 670 97 0.046936415 STANDARD
19 0 938 98 0.046936415 STANDARD
19 0 298 99 0.04668006 STANDARD
19 0 955 100 0.04650219 STANDARD
20 0 865 1 0.22494859 STANDARD
20 0 596 2 0.18458651 STANDARD
20 0 860 3 0.18183161 STANDARD
20 0 711 4 0.17424148 STANDARD
20 0 177 5 0.16420996 STANDARD
20 0 1024 6 0.11756872 STANDARD
20 0 52 7 0.112901255 STANDARD
20 0 857 8 0.10866408 STANDARD
20 0 427 9 0.10849778 STANDARD
20 0 658 10 0.10080831 STANDARD
20 0 436 11 0.09956397 STANDARD
20 0 265 12 0.09910358 STANDARD
20 0 879 13 0.098670356 STANDARD
20 0 582 14 0.09842327 STANDARD
20 0 434 15 0.09796981 STANDARD
20 0 592 16 0.09633746 STANDARD
20 0 431 17 0.09594889 STANDARD
20 0 60 18 0.09280065 STANDARD
20 0 877 19 0.09196348 STANDARD
20 0 589 20 0.09028158 STANDARD
20 0 428 21 0.08985354 STANDARD
20 0 437 22 0.088122435 STANDARD
20 0 262 23 0.08507415 STANDARD
20 0 375 24 0.082945466 STANDARD
20 0 429 25 0.0825345 STANDARD
20 0 876 26 0.080931604 STANDARD
20 0 435 27 0.07957315 STANDARD
20 0 1028 28 0.07834193 STANDARD
20 0 844 29 0.077217765 STANDARD
20 0 424 30 0.07717341 STANDARD
20 0 26 31 0.07311066 STANDARD
20 0 61 32 0.07246714 STANDARD
20 0 638 33 0.07144279 STANDARD
20 0 433 34 0.071205914 STANDARD
20 0 581 35 0.070990436 STANDARD
20 0 208 36 0.070264526 STANDARD
20 0 24 37 0.06797755 STANDARD
20 0 426 38 0.067305475 STANDARD
20 0 878 39 0.06447316 STANDARD
20 0 758 40 0.06430896 STANDARD
20 0 603 41 0.0642034 STANDARD
20 0 250 42 0.0636398 STANDARD
20 0 20 43 0.06345397 STANDARD
20 0 597 44 0.063334115 STANDARD
20 0 584 45 0.062507756 STANDARD
20 0 700 46 0.062274262 STANDARD
20 0 858 47 0.060846332 STANDARD
20 0 562 48 0.060272634 STANDARD
20 0 654 49 0.059611816 STANDARD
20 0 274 50 0.05956125 STANDARD
20 0 602 51 0.05635206 STANDARD
20 0 266 52 0.05631744 STANDARD
20 0 588 53 0.05611724 STANDARD
20 0 81 54 0.055943284 STANDARD
20 0 579 55 0.055695403 STANDARD
20 0 875 56 0.055373617 STANDARD
20 0 992 57 0.05481169 STANDARD
20 0 701 58 0.05447765 STANDARD
20 0 648 59 0.053881902 STANDARD
20 0 130 60 0.053842478 STANDARD
20 0 1026 61 0.053842478 STANDARD
20 0 722 62 0.05282768 STANDARD
20 0 432 63 0.051493295 STANDARD
20 0 264 64 0.05068671 STANDARD
20 0 843 65 0.04954255 STANDARD
20 0 123 66 0.04885776 STANDARD
20 0 859 67 0.04693704 STANDARD
20 0 866 68 0.046628956 STANDARD
20 0 599 69 0.045991514 STANDARD
20 0 430 70 0.045242433 STANDARD
20 0 569 71 0.04475403 STANDARD
20 0 673 72 0.043583907 STANDARD
20 0 861 73 0.04334973 STANDARD
20 0 862 74 0.042403255 STANDARD
20 0 586 75 0.04231435 STANDARD
20 0 872 76 0.04135279 STANDARD
20 0 631 77 0.040748037 STANDARD
20 0 234 78 0.039994262 STANDARD
20 0 438 79 0.03975092 STANDARD
20 0 280 80 0.03957418 STANDARD
20 0 570 81 0.037689365 STANDARD
20 0 518 82 0.037156913 STANDARD
20 0 1027 83 0.037021946 STANDARD
20 0 932 84 0.03692818 STANDARD
20 0 284 85 0.03675625 STANDARD
20 0 577 86 0.036655795 STANDARD
20 0 425 87 0.036487862 STANDARD
20 0 239 88 0.036346585 STANDARD
20 0 214 89 0.03634543 STANDARD
20 0 42 90 0.035894986 STANDARD
20 0 754 91 0.035894986 STANDARD
20 0 460 92 0.035346273 STANDARD
20 0 874 93 0.033602353 STANDARD
20 0 748 94 0.03360013 STANDARD
20 0 600 95 0.033431377 STANDARD
20 0 100 96 0.032985605 STANDARD
20 0 545 97 0.0328782 STANDARD
20 0 825 98 0.031408112 STANDARD
20 0 1033 99 0.03071737 STANDARD
20 0 572 100 0.030357366 STANDARD
21 0 626 1 0.30273515 STANDARD
21 0 100 2 0.28894895 STANDARD
21 0 821 3 0.28034458 STANDARD
21 0 896 4 0.26652738 STANDARD
21 0 815 5 0.23636375 STANDARD
21 0 35 6 0.2346926 STANDARD
21 0 253 7 0.2336367 STANDARD
21 0 810 8 0.21940431 STANDARD
21 0 892 9 0.21434261 STANDARD
21 0 812 10 0.2141639 STANDARD
21 0 887 11 0.21322191 STANDARD
21 0 890 12 0.17680271 STANDARD
21 0 618 13 0.16695862 STANDARD
21 0 604 14 0.15671736 STANDARD
21 0 766 15 0.15537515 STANDARD
21 0 202 16 0.15320861 STANDARD
21 0 885 17 0.13771291 STANDARD
21 0 613 18 0.13481589 STANDARD
21 0 609 19 0.13154587 STANDARD
21 0 488 20 0.1313396 STANDARD
21 0 709 21 0.13132167 STANDARD
21 0 963 22 0.12641089 STANDARD
21 0 73 23 0.12227925 STANDARD
21 0 920 24 0.12045333 STANDARD
21 0 321 25 0.109434724 STANDARD
21 0 351 26 0.107171305 STANDARD
21 0 914 27 0.107171305 STANDARD
21 0 620 28 0.106610954 STANDARD
21 0 917 29 0.09934355 STANDARD
21 0 633 30 0.097793676 STANDARD
21 0 252 31 0.09752842 STANDARD
21 0 762 32 0.096450046 STANDARD
21 0 889 33 0.095329225 STANDARD
21 0 742 34 0.091956615 STANDARD
21 0 937 35 0.0867045 STANDARD
21 0 888 36 0.08255754 STANDARD
21 0 302 37 0.07881995 STANDARD
21 0 349 38 0.07881995 STANDARD
21 0 499 39 0.07793961 STANDARD
21 0 1033 40 0.074312165 STANDARD
21 0 223 41 0.07400385 STANDARD
21 0 373 42 0.07400385 STANDARD
21 0 693 43 0.07400385 STANDARD
21 0 984 44 0.07400385 STANDARD
21 0 736 45 0.07095968 STANDARD
21 0 616 46 0.06740794 STANDARD
21 0 619 47 0.06673046 STANDARD
21 0 151 48 0.065539874 STANDARD
21 0 322 49 0.065373026 STANDARD
21 0 625 50 0.06455787 STANDARD
21 0 462 51 0.063431874 STANDARD
21 0 605 52 0.063431874 STANDARD
21 0 853 53 0.063431874 STANDARD
21 0 933 54 0.063431874 STANDARD
21 0 602 55 0.06278104 STANDARD
21 0 589 56 0.06193178 STANDARD
21 0 288 57 0.059276644 STANDARD
21 0 891 58 0.058903806 STANDARD
21 0 158 59 0.052859895 STANDARD
21 0 188 60 0.052859895 STANDARD
21 0 490 61 0.052859895 STANDARD
21 0 504 62 0.052859895 STANDARD
21 0 275 63 0.049545426 STANDARD
21 0 282 64 0.049545426 STANDARD
21 0 208 65 0.047421318 STANDARD
21 0 201 66 0.047409367 STANDARD
21 0 203 67 0.04708578 STANDARD
21 0 1008 68 0.0443929 STANDARD
21 0 27 69 0.043341793 STANDARD
21 0 458 70 0.042287916 STANDARD
21 0 908 71 0.042287916 STANDARD
21 0 959 72 0.042287916 STANDARD
21 0 1004 73 0.042287916 STANDARD
21 0 915 74 0.04044477 STANDARD
21 0 1009 75 0.03923815 STANDARD
21 0 662 76 0.03753509 STANDARD
21 0 454 77 0.037150107 STANDARD
21 0 928 78 0.037150107 STANDARD
21 0 732 79 0.03514333 STANDARD
21 0 9 80 0.03502546 STANDARD
21 0 72 81 0.03502546 STANDARD
21 0 678 82 0.034612566 STANDARD
21 0 894 83 0.032188464 STANDARD
21 0 386 84 0.032172933 STANDARD
21 0 682 85 0.032172933 STANDARD
21 0 447 86 0.030647276 STANDARD
21 0 534 87 0.026810778 STANDARD
21 0 513 88 0.026281768 STANDARD
21 0 747 89 0.026281768 STANDARD
21 0 749 90 0.026281768 STANDARD
21 0 343 91 0.026269093 STANDARD
21 0 879 92 0.026269093 STANDARD
21 0 735 93 0.024778688 STANDARD
21 0 737 94 0.024778688 STANDARD
21 0 1030 95 0.024778688 STANDARD
21 0 452 96 0.024766738 STANDARD
21 0 464 97 0.024766738 STANDARD
21 0 611 98 0.024766738 STANDARD
21 0 705 99 0.024766738 STANDARD
21 0 803 100 0.024766738 STANDARD
22 0 648 1 0.45318606 STANDARD
22 0 905 2 0.31085542 STANDARD
22 0 375 3 0.23438188 STANDARD
22 0 645 4 0.1732115 STANDARD
22 0 750 5 0.13749102 STANDARD
22 0 970 6 0.13595714 STANDARD
22 0 108 7 0.13446912 STANDARD
22 0 652 8 0.124753065 STANDARD
22 0 640 9 0.1234101 STANDARD
22 0 636 10 0.117210895 STANDARD
22 0 642 11 0.11359008 STANDARD
22 0 657 12 0.1111603 STANDARD
22 0 139 13 0.11103468 STANDARD
22 0 758 14 0.10500876 STANDARD
22 0 647 15 0.09735408 STANDARD
22 0 1011 16 0.09084616 STANDARD
22 0 644 17 0.09074658 STANDARD
22 0 1027 18 0.08927068 STANDARD
22 0 761 19 0.08665906 STANDARD
22 0 207 20 0.08119886 STANDARD
22 0 658 21 0.07940021 STANDARD
22 0 48 22 0.07685341 STANDARD
22 0 285 23 0.0749432 STANDARD
22 0 332 24 0.07286844 STANDARD
22 0 282 25 0.06937675 STANDARD
22 0 913 26 0.067356996 STANDARD
22 0 659 27 0.06708924 STANDARD
22 0 908 28 0.06685411 STANDARD
22 0 371 29 0.06680316 STANDARD
22 0 201 30 0.06448185 STANDARD
22 0 907 31 0.05639508 STANDARD
22 0 474 32 0.056207396 STANDARD
22 0 1025 33 0.05567884 STANDARD
22 0 1012 34 0.055555064 STANDARD
22 0 900 35 0.054336164 STANDARD
22 0 701 36 0.05412518 STANDARD
22 0 395 37 0.046839498 STANDARD
22 0 881 38 0.046488382 STANDARD
22 0 97 39 0.046393007 STANDARD
22 0 634 40 0.045978997 STANDARD
22 0 304 41 0.045316126 STANDARD
22 0 208 42 0.04490638 STANDARD
22 0 910 43 0.044612907 STANDARD
22 0 239 44 0.042713594 STANDARD
22 0 857 45 0.042093888 STANDARD
22 0 635 46 0.04208969 STANDARD
22 0 632 47 0.041321676 STANDARD
22 0 326 48 0.040410656 STANDARD
22 0 93 49 0.040374808 STANDARD
22 0 251 50 0.0403012 STANDARD
22 0 402 51 0.039744634 STANDARD
22 0 471 52 0.039744634 STANDARD
22 0 329 53 0.0385981 STANDARD
22 0 230 54 0.038246784 STANDARD
22 0 7 55 0.03757929 STANDARD
22 0 764 56 0.036772225 STANDARD
22 0 753 57 0.036063552 STANDARD
22 0 214 58 0.03585842 STANDARD
22 0 327 59 0.03542041 STANDARD
22 0 173 60 0.03479208 STANDARD
22 0 960 61 0.034669187 STANDARD
22 0 973 62 0.034129914 STANDARD
22 0 305 63 0.03375126 STANDARD
22 0 287 64 0.03333039 STANDARD
22 0 649 65 0.03325954 STANDARD
22 0 372 66 0.032637686 STANDARD
22 0 98 67 0.032130152 STANDARD
22 0 711 68 0.031429525 STANDARD
22 0 650 69 0.030723268 STANDARD
22 0 959 70 0.030682925 STANDARD
22 0 800 71 0.030585755 STANDARD
22 0 223 72 0.030526992 STANDARD
22 0 460 73 0.030509708 STANDARD
22 0 398 74 0.029964572 STANDARD
22 0 283 75 0.029842826 STANDARD
22 0 62 76 0.02982703 STANDARD
22 0 29 77 0.02916984 STANDARD
22 0 608 78 0.028093673 STANDARD
22 0 646 79 0.027887689 STANDARD
22 0 626 80 0.027280817 STANDARD
22 0 278 81 0.027194057 STANDARD
22 0 958 82 0.027070275 STANDARD
22 0 400 83 0.026843596 STANDARD
22 0 1006 84 0.026810981 STANDARD
22 0 5 85 0.026809338 STANDARD
22 0 614 86 0.026809338 STANDARD
22 0 902 87 0.026306055 STANDARD
22 0 244 88 0.026284924 STANDARD
22 0 1024 89 0.026155438 STANDARD
22 0 681 90 0.025892766 STANDARD
22 0 492 91 0.025627304 STANDARD
22 0 813 92 0.025558086 STANDARD
22 0 188 93 0.02550078 STANDARD
22 0 715 94 0.024988215 STANDARD
22 0 765 95 0.024645718 STANDARD
22 0 941 96 0.024265505 STANDARD
22 0 446 97 0.0242088 STANDARD
22 0 46 98 0.024147773 STANDARD
22 0 526 99 0.024147773 STANDARD
22 0 654 100 0.024017032 STANDARD
23 0 916 1 1.5247962 STANDARD
23 0 849 2 1.2821485 STANDARD
23 0 917 3 1.2821485 STANDARD
23 0 819 4 1.2689979 STANDARD
23 0 804 5 1.2631544 STANDARD
23 0 798 6 0.8459986 STANDARD
23 0 817 7 0.7477642 STANDARD
23 0 620 8 0.73265624 STANDARD
23 0 812 9 0.64118147 STANDARD
23 0 822 10 0.63449895 STANDARD
23 0 920 11 0.63449895 STANDARD
23 0 797 12 0.5287491 STANDARD
23 0 805 13 0.5287491 STANDARD
23 0 809 14 0.5287491 STANDARD
23 0 811 15 0.3701244 STANDARD
23 0 808 16 0.30709454 STANDARD
23 0 813 17 0.28208435 STANDARD
23 0 818 18 0.2714358 STANDARD
23 0 807 19 0.21714863 STANDARD
23 0 724 20 0.20585066 STANDARD
23 0 725 21 0.20585066 STANDARD
23 0 966 22 0.20585066 STANDARD
23 0 1010 23 0.20585066 STANDARD
23 0 492 24 0.19000505 STANDARD
23 0 202 25 0.18011934 STANDARD
23 0 253 26 0.18011934 STANDARD
23 0 203 27 0.154388 STANDARD
23 0 706 28 0.154388 STANDARD
23 0 918 29 0.1357179 STANDARD
23 0 800 30 0.12865666 STANDARD
24 0 667 1 0.9268654 STANDARD
24 0 674 2 0.9202562 STANDARD
24 0 938 3 0.8576613 STANDARD
24 0 852 4 0.8289949 STANDARD
24 0 850 5 0.75662714 STANDARD
24 0 686 6 0.72566783 STANDARD
24 0 935 7 0.611815 STANDARD
24 0 678 8 0.59985405 STANDARD
24 0 851 9 0.54983014 STANDARD
24 0 666 10 0.5410771 STANDARD
24 0 675 11 0.5368903 STANDARD
24 0 939 12 0.5036069 STANDARD
24 0 668 13 0.49524978 STANDARD
24 0 680 14 0.45593083 STANDARD
24 0 670 15 0.4426729 STANDARD
24 0 940 16 0.38325435 STANDARD
24 0 942 17 0.35439688 STANDARD
24 0 936 18 0.3298366 STANDARD
24 0 941 19 0.29204348 STANDARD
24 0 932 20 0.28854525 STANDARD
24 0 277 21 0.28400487 STANDARD
24 0 943 22 0.27967826 STANDARD
24 0 676 23 0.26678136 STANDARD
24 0 685 24 0.22985567 STANDARD
24 0 662 25 0.22226198 STANDARD
24 0 682 26 0.18968578 STANDARD
24 0 684 27 0.1785093 STANDARD
24 0 2 28 0.17374383 STANDARD
24 0 71 29 0.16378947 STANDARD
24 0 930 30 0.14263968 STANDARD
24 0 208 31 0.13183938 STANDARD
24 0 677 32 0.12078729 STANDARD
24 0 234 33 0.10510102 STANDARD
24 0 663 34 0.10374859 STANDARD
24 0 931 35 0.096760616 STANDARD
24 0 683 36 0.09252624 STANDARD
24 0 430 37 0.08523883 STANDARD
24 0 665 38 0.08440813 STANDARD
24 0 865 39 0.08365566 STANDARD
24 0 671 40 0.08141091 STANDARD
24 0 672 41 0.08105452 STANDARD
24 0 929 42 0.07606713 STANDARD
24 0 378 43 0.07535087 STANDARD
24 0 544 44 0.06902244 STANDARD
24 0 1016 45 0.06781544 STANDARD
24 0 278 46 0.066532694 STANDARD
24 0 228 47 0.06617744 STANDARD
24 0 359 48 0.064743534 STANDARD
24 0 463 49 0.060774103 STANDARD
24 0 371 50 0.060429066 STANDARD
24 0 711 51 0.05982942 STANDARD
24 0 934 52 0.059433784 STANDARD
24 0 444 53 0.058800854 STANDARD
24 0 545 54 0.05731491 STANDARD
24 0 769 55 0.05610426 STANDARD
24 0 681 56 0.055683807 STANDARD
24 0 26 57 0.054463077 STANDARD
24 0 802 58 0.05432021 STANDARD
24 0 903 59 0.05324174 STANDARD
24 0 1017 60 0.053063035 STANDARD
24 0 673 61 0.052889936 STANDARD
24 0 435 62 0.05155573 STANDARD
24 0 534 63 0.051487803 STANDARD
24 0 81 64 0.049923982 STANDARD
24 0 862 65 0.049260017 STANDARD
24 0 658 66 0.04908831 STANDARD
24 0 933 67 0.047892217 STANDARD
24 0 110 68 0.047304425 STANDARD
24 0 438 69 0.04612138 STANDARD
24 0 688 70 0.0451566 STANDARD
24 0 467 71 0.04494002 STANDARD
24 0 910 72 0.0443856 STANDARD
24 0 246 73 0.044367556 STANDARD
24 0 1031 74 0.044094045 STANDARD
24 0 708 75 0.04359692 STANDARD
24 0 860 76 0.042680427 STANDARD
24 0 121 77 0.04218489 STANDARD
24 0 115 78 0.040948756 STANDARD
24 0 859 79 0.04010054 STANDARD
24 0 425 80 0.039676882 STANDARD
24 0 512 81 0.039349068 STANDARD
24 0 923 82 0.03733192 STANDARD
24 0 244 83 0.035822697 STANDARD
24 0 886 84 0.034323312 STANDARD
24 0 298 85 0.034133982 STANDARD
24 0 638 86 0.033795293 STANDARD
24 0 232 87 0.032194685 STANDARD
24 0 431 88 0.031657394 STANDARD
24 0 353 89 0.03144202 STANDARD
24 0 996 90 0.031379785 STANDARD
24 0 905 91 0.031032253 STANDARD
24 0 863 92 0.030942688 STANDARD
24 0 702 93 0.03028509 STANDARD
24 0 67 94 0.030274486 STANDARD
24 0 35 95 0.029797714 STANDARD
24 0 402 96 0.028977605 STANDARD
24 0 647 97 0.028977605 STANDARD
24 0 19 98 0.028904255 STANDARD
24 0 123 99 0.028860342 STANDARD
24 0 580 100 0.028705385 STANDARD
25 0 687 1 0.53384805 STANDARD
25 0 695 2 0.3714715 STANDARD
25 0 697 3 0.35602152 STANDARD
25 0 690 4 0.3260717 STANDARD
25 0 698 5 0.32158035 STANDARD
25 0 699 6 0.31570756 STANDARD
25 0 691 7 0.23020934 STANDARD
25 0 951 8 0.2291475 STANDARD
25 0 692 9 0.22865912 STANDARD
25 0 696 10 0.22707272 STANDARD
25 0 689 11 0.18785255 STANDARD
25 0 958 12 0.1742762 STANDARD
25 0 587 13 0.166332 STANDARD
25 0 953 14 0.166332 STANDARD
25 0 679 15 0.15975848 STANDARD
25 0 945 16 0.1525145 STANDARD
25 0 688 17 0.14321478 STANDARD
25 0 949 18 0.13732715 STANDARD
25 0 947 19 0.13615206 STANDARD
25 0 948 20 0.13330168 STANDARD
25 0 952 21 0.124749005 STANDARD
25 0 694 22 0.11655407 STANDARD
25 0 946 23 0.106641345 STANDARD
25 0 950 24 0.10329086 STANDARD
25 0 944 25 0.09698033 STANDARD
25 0 955 26 0.08485779 STANDARD
25 0 914 27 0.07660929 STANDARD
25 0 954 28 0.07273525 STANDARD
25 0 581 29 0.067423806 STANDARD
25 0 808 30 0.06460004 STANDARD
25 0 957 31 0.060612705 STANDARD
25 0 924 32 0.057033233 STANDARD
25 0 601 33 0.05330057 STANDARD
25 0 897 34 0.052990846 STANDARD
25 0 818 35 0.052201744 STANDARD
25 0 589 36 0.0521449 STANDARD
25 0 550 37 0.051184352 STANDARD
25 0 261 38 0.050486676 STANDARD
25 0 915 39 0.047609925 STANDARD
25 0 526 40 0.047414154 STANDARD
25 0 598 41 0.047091458 STANDARD
25 0 876 42 0.045809276 STANDARD
25 0 578 43 0.04524138 STANDARD
25 0 777 44 0.044269066 STANDARD
25 0 797 45 0.042881772 STANDARD
25 0 809 46 0.0426001 STANDARD
25 0 574 47 0.04197395 STANDARD
25 0 869 48 0.04144562 STANDARD
25 0 927 49 0.04085587 STANDARD
25 0 920 50 0.039974086 STANDARD
25 0 822 51 0.038956884 STANDARD
25 0 300 52 0.03827305 STANDARD
25 0 776 53 0.03689089 STANDARD
25 0 200 54 0.036072955 STANDARD
25 0 996 55 0.036041964 STANDARD
25 0 413 56 0.034756605 STANDARD
25 0 242 57 0.034724265 STANDARD
25 0 47 58 0.034683485 STANDARD
25 0 630 59 0.03450262 STANDARD
25 0 593 60 0.03403649 STANDARD
25 0 604 61 0.032357708 STANDARD
25 0 894 62 0.031941656 STANDARD
25 0 686 63 0.031807013 STANDARD
25 0 557 64 0.031149447 STANDARD
25 0 959 65 0.030539518 STANDARD
25 0 528 66 0.028936889 STANDARD
25 0 814 67 0.028405078 STANDARD
25 0 167 68 0.027865576 STANDARD
25 0 624 69 0.027797524 STANDARD
25 0 922 70 0.027643582 STANDARD
25 0 773 71 0.027340481 STANDARD
25 0 779 72 0.027340481 STANDARD
25 0 1000 73 0.02674998 STANDARD
25 0 872 74 0.026515398 STANDARD
25 0 329 75 0.026233718 STANDARD
25 0 821 76 0.025745157 STANDARD
25 0 16 77 0.025485517 STANDARD
25 0 249 78 0.025485517 STANDARD
25 0 643 79 0.025485517 STANDARD
25 0 830 80 0.025485517 STANDARD
25 0 838 81 0.025485517 STANDARD
25 0 993 82 0.025485517 STANDARD
25 0 108 83 0.025288962 STANDARD
25 0 146 84 0.025065016 STANDARD
25 0 324 85 0.024717199 STANDARD
25 0 815 86 0.024648756 STANDARD
25 0 457 87 0.024620743 STANDARD
25 0 332 88 0.02403023 STANDARD
25 0 723 89 0.023434699 STANDARD
25 0 789 90 0.023434699 STANDARD
25 0 571 91 0.02326717 STANDARD
25 0 334 92 0.022643115 STANDARD
25 0 807 93 0.022552596 STANDARD
25 0 770 94 0.022299828 STANDARD
25 0 336 95 0.021327615 STANDARD
25 0 14 96 0.021239923 STANDARD
25 0 98 97 0.021044675 STANDARD
25 0 1033 98 0.020993624 STANDARD
25 0 891 99 0.020880697 STANDARD
25 0 304 100 0.020082144 STANDARD
26 0 657 1 0.24474075 STANDARD
26 0 971 2 0.22977018 STANDARD
26 0 215 3 0.18526518 STANDARD
26 0 379 4 0.17172444 STANDARD
26 0 173 5 0.1673192 STANDARD
26 0 89 6 0.16378346 STANDARD
26 0 127 7 0.16031821 STANDARD
26 0 859 8 0.15844992 STANDARD
26 0 608 9 0.15547694 STANDARD
26 0 334 10 0.14664319 STANDARD
26 0 1018 11 0.14657652 STANDARD
26 0 716 12 0.1377371 STANDARD
26 0 465 13 0.13565344 STANDARD
26 0 78 14 0.1324727 STANDARD
26 0 959 15 0.13129725 STANDARD
26 0 734 16 0.13063067 STANDARD
26 0 970 17 0.13000372 STANDARD
26 0 900 18 0.12075797 STANDARD
26 0 723 19 0.119306296 STANDARD
26 0 816 20 0.11222486 STANDARD
26 0 710 21 0.11130839 STANDARD
26 0 724 22 0.11130839 STANDARD
26 0 658 23 0.110451534 STANDARD
26 0 421 24 0.110069975 STANDARD
26 0 400 25 0.1069234 STANDARD
26 0 208 26 0.10412787 STANDARD
26 0 737 27 0.10206261 STANDARD
26 0 909 28 0.09914592 STANDARD
26 0 739 29 0.09875658 STANDARD
26 0 161 30 0.098606795 STANDARD
26 0 151 31 0.0938303 STANDARD
26 0 962 32 0.09221821 STANDARD
26 0 652 33 0.09138831 STANDARD
26 0 449 34 0.08883211 STANDARD
26 0 960 35 0.08811883 STANDARD
26 0 542 36 0.087755054 STANDARD
26 0 154 37 0.08667556 STANDARD
26 0 600 38 0.086419724 STANDARD
26 0 634 39 0.08641201 STANDARD
26 0 910 40 0.085835546 STANDARD
26 0 231 41 0.08526315 STANDARD
26 0 630 42 0.08486044 STANDARD
26 0 569 43 0.08207446 STANDARD
26 0 606 44 0.08180579 STANDARD
26 0 965 45 0.08125232 STANDARD
26 0 726 46 0.080649115 STANDARD
26 0 163 47 0.07910711 STANDARD
26 0 648 48 0.077810735 STANDARD
26 0 721 49 0.076336354 STANDARD
26 0 982 50 0.075984225 STANDARD
26 0 746 51 0.07518692 STANDARD
26 0 981 52 0.07505586 STANDARD
26 0 715 53 0.07494351 STANDARD
26 0 486 54 0.07308269 STANDARD
26 0 7 55 0.07212603 STANDARD
26 0 643 56 0.071846984 STANDARD
26 0 637 57 0.06880396 STANDARD
26 0 730 58 0.06877562 STANDARD
26 0 719 59 0.06857283 STANDARD
26 0 712 60 0.068455905 STANDARD
26 0 404 61 0.06828678 STANDARD
26 0 445 62 0.06815302 STANDARD
26 0 93 63 0.066486195 STANDARD
26 0 51 64 0.06545417 STANDARD
26 0 706 65 0.06520812 STANDARD
26 0 14 66 0.06378913 STANDARD
26 0 852 67 0.06315555 STANDARD
26 0 938 68 0.062781155 STANDARD
26 0 274 69 0.06277411 STANDARD
26 0 703 70 0.062388502 STANDARD
26 0 967 71 0.062388502 STANDARD
26 0 598 72 0.061822314 STANDARD
26 0 422 73 0.06162925 STANDARD
26 0 1020 74 0.061311103 STANDARD
26 0 95 75 0.06098167 STANDARD
26 0 370 76 0.06014586 STANDARD
26 0 915 77 0.06014586 STANDARD
26 0 248 78 0.059711196 STANDARD
26 0 372 79 0.059264857 STANDARD
26 0 647 80 0.059264857 STANDARD
26 0 680 81 0.059264857 STANDARD
26 0 1011 82 0.059264857 STANDARD
26 0 966 83 0.05882044 STANDARD
26 0 378 84 0.05848089 STANDARD
26 0 326 85 0.05819834 STANDARD
26 0 462 86 0.057869166 STANDARD
26 0 366 87 0.05742211 STANDARD
26 0 681 88 0.05550039 STANDARD
26 0 270 89 0.055261105 STANDARD
26 0 130 90 0.054231443 STANDARD
26 0 412 91 0.054200314 STANDARD
26 0 85 92 0.052168425 STANDARD
26 0 717 93 0.051990416 STANDARD
26 0 126 94 0.0518077 STANDARD
26 0 750 95 0.051803503 STANDARD
26 0 589 96 0.05173947 STANDARD
26 0 809 97 0.050818056 STANDARD
26 0 253 98 0.050244346 STANDARD
26 0 1033 99 0.05005083 STANDARD
26 0 580 100 0.04908347 STANDARD
27 0 984 1 0.27025238 STANDARD
27 0 732 2 0.21751902 STANDARD
27 0 734 3 0.20664613 STANDARD
27 0 977 4 0.09731679 STANDARD
27 0 208 5 0.09270395 STANDARD
27 0 976 6 0.07719219 STANDARD
27 0 731 7 0.075383455 STANDARD
27 0 974 8 0.07012007 STANDARD
27 0 980 9 0.06953785 STANDARD
27 0 727 10 0.06263931 STANDARD
27 0 983 11 0.061402343 STANDARD
27 0 978 12 0.050585646 STANDARD
27 0 658 13 0.040722564 STANDARD
27 0 244 14 0.040541597 STANDARD
27 0 738 15 0.037474945 STANDARD
27 0 608 16 0.03556652 STANDARD
27 0 733 17 0.03372375 STANDARD
27 0 659 18 0.033633426 STANDARD
27 0 728 19 0.03271349 STANDARD
27 0 730 20 0.03161603 STANDARD
27 0 638 21 0.029314991 STANDARD
27 0 982 22 0.02885269 STANDARD
27 0 223 23 0.027944691 STANDARD
27 0 485 24 0.025913889 STANDARD
27 0 447 25 0.022199187 STANDARD
27 0 239 26 0.020067591 STANDARD
27 0 657 27 0.019495416 STANDARD
27 0 908 28 0.018515041 STANDARD
27 0 465 29 0.017427681 STANDARD
27 0 287 30 0.01716237 STANDARD
27 0 743 31 0.016814983 STANDARD
27 0 781 32 0.016427428 STANDARD
27 0 1009 33 0.016338626 STANDARD
27 0 517 34 0.015992157 STANDARD
27 0 36 35 0.015219284 STANDARD
27 0 722 36 0.014681043 STANDARD
27 0 739 37 0.014630258 STANDARD
27 0 97 38 0.014241045 STANDARD
27 0 438 39 0.0141841965 STANDARD
27 0 729 40 0.013838236 STANDARD
27 0 361 41 0.013757004 STANDARD
27 0 796 42 0.013493786 STANDARD
27 0 1025 43 0.012944071 STANDARD
27 0 1024 44 0.012915439 STANDARD
27 0 664 45 0.012884976 STANDARD
27 0 446 46 0.012790738 STANDARD
27 0 752 47 0.012704881 STANDARD
27 0 388 48 0.012663079 STANDARD
27 0 514 49 0.012156251 STANDARD
27 0 651 50 0.011531867 STANDARD
27 0 473 51 0.011467743 STANDARD
27 0 443 52 0.0113138715 STANDARD
27 0 104 53 0.011157851 STANDARD
27 0 380 54 0.011117252 STANDARD
27 0 258 55 0.011063865 STANDARD
27 0 282 56 0.010923106 STANDARD
27 0 460 57 0.010916667 STANDARD
27 0 365 58 0.010884973 STANDARD
27 0 701 59 0.0108228475 STANDARD
27 0 1001 60 0.010764255 STANDARD
27 0 462 61 0.010743077 STANDARD
27 0 711 62 0.010682988 STANDARD
27 0 483 63 0.010600482 STANDARD
27 0 970 64 0.010568224 STANDARD
27 0 661 65 0.010550448 STANDARD
27 0 865 66 0.010442031 STANDARD
27 0 243 67 0.010409945 STANDARD
27 0 681 68 0.010257152 STANDARD
27 0 652 69 0.009974431 STANDARD
27 0 102 70 0.009971407 STANDARD
27 0 900 71 0.009710339 STANDARD
27 0 200 72 0.009574855 STANDARD
27 0 203 73 0.009553754 STANDARD
27 0 158 74 0.009513177 STANDARD
27 0 77 75 0.009478474 STANDARD
27 0 251 76 0.009369109 STANDARD
27 0 229 77 0.009350697 STANDARD
27 0 399 78 0.009338921 STANDARD
27 0 1033 79 0.009329549 STANDARD
27 0 735 80 0.009295369 STANDARD
27 0 262 81 0.009009798 STANDARD
27 0 195 82 0.008991844 STANDARD
27 0 931 83 0.0088408915 STANDARD
27 0 276 84 0.00867062 STANDARD
27 0 817 85 0.008517306 STANDARD
27 0 25 86 0.008367513 STANDARD
27 0 673 87 0.008296947 STANDARD
27 0 214 88 0.0082949875 STANDARD
27 0 261 89 0.008180165 STANDARD
27 0 1013 90 0.008119159 STANDARD
27 0 259 91 0.00809329 STANDARD
27 0 35 92 0.00807832 STANDARD
27 0 279 93 0.008073526 STANDARD
27 0 683 94 0.008013315 STANDARD
27 0 992 95 0.008001951 STANDARD
27 0 99 96 0.007893633 STANDARD
27 0 737 97 0.007863516 STANDARD
27 0 907 98 0.00784783 STANDARD
27 0 31 99 0.007827603 STANDARD
27 0 959 100 0.007810774 STANDARD
28 0 779 1 0.57383955 STANDARD
28 0 777 2 0.50696564 STANDARD
28 0 774 3 0.36364332 STANDARD
28 0 770 4 0.3442064 STANDARD
28 0 992 5 0.30193272 STANDARD
28 0 995 6 0.24753122 STANDARD
28 0 1031 7 0.22371496 STANDARD
28 0 989 8 0.21124847 STANDARD
28 0 994 9 0.2098973 STANDARD
28 0 796 10 0.2091397 STANDARD
28 0 771 11 0.19706696 STANDARD
28 0 773 12 0.19091961 STANDARD
28 0 998 13 0.18768658 STANDARD
28 0 789 14 0.17630325 STANDARD
28 0 607 15 0.1718926 STANDARD
28 0 772 16 0.16670528 STANDARD
28 0 784 17 0.14737801 STANDARD
28 0 786 18 0.1401866 STANDARD
28 0 368 19 0.13723701 STANDARD
28 0 440 20 0.13373208 STANDARD
28 0 840 21 0.1320607 STANDARD
28 0 792 22 0.122577116 STANDARD
28 0 776 23 0.12125026 STANDARD
28 0 621 24 0.120916575 STANDARD
28 0 783 25 0.119058825 STANDARD
28 0 697 26 0.11324422 STANDARD
28 0 790 27 0.11165608 STANDARD
28 0 364 28 0.1082638 STANDARD
28 0 1000 29 0.10535854 STANDARD
28 0 996 30 0.10534085 STANDARD
28 0 409 31 0.10261577 STANDARD
28 0 115 32 0.102106504 STANDARD
28 0 993 33 0.10151811 STANDARD
28 0 66 34 0.10064485 STANDARD
28 0 444 35 0.09637636 STANDARD
28 0 841 36 0.09541474 STANDARD
28 0 1019 37 0.095252655 STANDARD
28 0 16 38 0.095020905 STANDARD
28 0 249 39 0.095020905 STANDARD
28 0 1001 40 0.09404491 STANDARD
28 0 785 41 0.09263472 STANDARD
28 0 791 42 0.09101148 STANDARD
28 0 997 43 0.08755037 STANDARD
28 0 693 44 0.083143294 STANDARD
28 0 108 45 0.08240794 STANDARD
28 0 460 46 0.08117814 STANDARD
28 0 141 47 0.07751809 STANDARD
28 0 111 48 0.07703541 STANDARD
28 0 687 49 0.07371381 STANDARD
28 0 123 50 0.073649876 STANDARD
28 0 421 51 0.073177196 STANDARD
28 0 795 52 0.07270083 STANDARD
28 0 535 53 0.07204895 STANDARD
28 0 1029 54 0.07107901 STANDARD
28 0 268 55 0.07043376 STANDARD
28 0 775 56 0.07004252 STANDARD
28 0 412 57 0.06942942 STANDARD
28 0 229 58 0.069175765 STANDARD
28 0 443 59 0.068480514 STANDARD
28 0 267 60 0.06810853 STANDARD
28 0 30 61 0.06618187 STANDARD
28 0 441 62 0.06527468 STANDARD
28 0 435 63 0.06412178 STANDARD
28 0 322 64 0.0634373 STANDARD
28 0 63 65 0.0621952 STANDARD
28 0 448 66 0.061014134 STANDARD
28 0 228 67 0.05979816 STANDARD
28 0 81 68 0.059233103 STANDARD
28 0 148 69 0.05838418 STANDARD
28 0 542 70 0.057951566 STANDARD
28 0 1003 71 0.05752468 STANDARD
28 0 787 72 0.05685702 STANDARD
28 0 446 73 0.055949725 STANDARD
28 0 1002 74 0.055949725 STANDARD
28 0 876 75 0.055515308 STANDARD
28 0 442 76 0.05353993 STANDARD
28 0 447 77 0.05353993 STANDARD
28 0 31 78 0.052945495 STANDARD
28 0 320 79 0.052945495 STANDARD
28 0 453 80 0.052839793 STANDARD
28 0 793 81 0.05274991 STANDARD
28 0 241 82 0.05224067 STANDARD
28 0 688 83 0.051355503 STANDARD
28 0 691 84 0.051355503 STANDARD
28 0 6 85 0.051297367 STANDARD
28 0 130 86 0.051297367 STANDARD
28 0 914 87 0.050325558 STANDARD
28 0 385 88 0.048787784 STANDARD
28 0 459 89 0.048717365 STANDARD
28 0 87 90 0.048363622 STANDARD
28 0 823 91 0.048363622 STANDARD
28 0 1022 92 0.048363622 STANDARD
28 0 1023 93 0.048363622 STANDARD
28 0 151 94 0.047838528 STANDARD
28 0 121 95 0.046038058 STANDARD
28 0 877 96 0.046038058 STANDARD
28 0 439 97 0.045891367 STANDARD
28 0 85 98 0.045697905 STANDARD
28 0 450 99 0.045450862 STANDARD
28 0 114 100 0.04453628 STANDARD
29 0 1008 1 0.5137033 STANDARD
29 0 1017 2 0.4833026 STANDARD
29 0 1016 3 0.417614 STANDARD
29 0 853 4 0.37110353 STANDARD
29 0 1015 5 0.30429506 STANDARD
29 0 1012 6 0.29341942 STANDARD
29 0 742 7 0.22352883 STANDARD
29 0 1018 8 0.21830602 STANDARD
29 0 740 9 0.21632268 STANDARD
29 0 1009 10 0.21385175 STANDARD
29 0 750 11 0.1887225 STANDARD
29 0 1007 12 0.18024632 STANDARD
29 0 1006 13 0.15293363 STANDARD
29 0 1013 14 0.12715466 STANDARD
29 0 1010 15 0.111494645 STANDARD
29 0 1014 16 0.101752914 STANDARD
29 0 747 17 0.087690495 STANDARD
29 0 743 18 0.085541904 STANDARD
29 0 765 19 0.08248937 STANDARD
29 0 425 20 0.07989124 STANDARD
29 0 370 21 0.0793029 STANDARD
29 0 758 22 0.077285394 STANDARD
29 0 282 23 0.07647931 STANDARD
29 0 657 24 0.07215622 STANDARD
29 0 368 25 0.069742344 STANDARD
29 0 761 26 0.06922963 STANDARD
29 0 604 27 0.06752119 STANDARD
29 0 1005 28 0.067017056 STANDARD
29 0 757 29 0.06578184 STANDARD
29 0 989 30 0.063699886 STANDARD
29 0 58 31 0.06289906 STANDARD
29 0 672 32 0.06267922 STANDARD
29 0 358 33 0.062352393 STANDARD
29 0 744 34 0.061841447 STANDARD
29 0 768 35 0.06101278 STANDARD
29 0 100 36 0.061006527 STANDARD
29 0 251 37 0.060666505 STANDARD
29 0 524 38 0.059283286 STANDARD
29 0 365 39 0.058692954 STANDARD
29 0 1011 40 0.051974297 STANDARD
29 0 458 41 0.04940161 STANDARD
29 0 741 42 0.049317118 STANDARD
29 0 210 43 0.048535924 STANDARD
29 0 534 44 0.045291312 STANDARD
29 0 214 45 0.045103993 STANDARD
29 0 767 46 0.044692013 STANDARD
29 0 766 47 0.04457927 STANDARD
29 0 1002 48 0.044242047 STANDARD
29 0 208 49 0.043347735 STANDARD
29 0 753 50 0.042971883 STANDARD
29 0 1024 51 0.041713826 STANDARD
29 0 240 52 0.04101655 STANDARD
29 0 401 53 0.040723234 STANDARD
29 0 755 54 0.040440414 STANDARD
29 0 752 55 0.040050466 STANDARD
29 0 865 56 0.039632883 STANDARD
29 0 771 57 0.039204773 STANDARD
29 0 459 58 0.039196756 STANDARD
29 0 784 59 0.03906974 STANDARD
29 0 159 60 0.03696551 STANDARD
29 0 872 61 0.03681045 STANDARD
29 0 994 62 0.03663509 STANDARD
29 0 769 63 0.036358375 STANDARD
29 0 845 64 0.036203366 STANDARD
29 0 745 65 0.036141124 STANDARD
29 0 23 66 0.03584681 STANDARD
29 0 776 67 0.03541322 STANDARD
29 0 85 68 0.03493828 STANDARD
29 0 103 69 0.03486568 STANDARD
29 0 866 70 0.03447377 STANDARD
29 0 1033 71 0.033331808 STANDARD
29 0 216 72 0.03288348 STANDARD
29 0 311 73 0.032802008 STANDARD
29 0 12 74 0.03279065 STANDARD
29 0 367 75 0.032654665 STANDARD
29 0 81 76 0.032333992 STANDARD
29 0 275 77 0.032305088 STANDARD
29 0 107 78 0.03165898 STANDARD
29 0 218 79 0.031508263 STANDARD
29 0 680 80 0.03119697 STANDARD
29 0 756 81 0.031140408 STANDARD
29 0 701 82 0.031034665 STANDARD
29 0 764 83 0.030576253 STANDARD
29 0 884 84 0.030504793 STANDARD
29 0 1031 85 0.030343842 STANDARD
29 0 206 86 0.03031816 STANDARD
29 0 499 87 0.030212902 STANDARD
29 0 372 88 0.030078553 STANDARD
29 0 638 89 0.029630726 STANDARD
29 0 739 90 0.029261844 STANDARD
29 0 219 91 0.029135993 STANDARD
29 0 112 92 0.028916828 STANDARD
29 0 461 93 0.02890401 STANDARD
29 0 808 94 0.028626261 STANDARD
29 0 70 95 0.028491708 STANDARD
29 0 954 96 0.027804205 STANDARD
29 0 522 97 0.027800014 STANDARD
29 0 709 98 0.027759062 STANDARD
29 0 1004 99 0.027747864 STANDARD
29 0 600 100 0.026832849 STANDARD
30 0 1027 1 0.32769597 STANDARD
30 0 1026 2 0.2842834 STANDARD
30 0 1024 3 0.24980742 STANDARD
30 0 1023 4 0.23030628 STANDARD
30 0 841 5 0.1943862 STANDARD
30 0 1033 6 0.14168167 STANDARD
30 0 839 7 0.13827619 STANDARD
30 0 1019 8 0.119196005 STANDARD
30 0 1020 9 0.11912813 STANDARD
30 0 284 10 0.11721645 STANDARD
30 0 1022 11 0.10778605 STANDARD
30 0 920 12 0.096354894 STANDARD
30 0 657 13 0.07815153 STANDARD
30 0 908 14 0.07415775 STANDARD
30 0 720 15 0.07296541 STANDARD
30 0 24 16 0.072406106 STANDARD
30 0 17 17 0.07209542 STANDARD
30 0 1031 18 0.07145293 STANDARD
30 0 365 19 0.06952247 STANDARD
30 0 35 20 0.068537384 STANDARD
30 0 808 21 0.06615671 STANDARD
30 0 261 22 0.06514022 STANDARD
30 0 114 23 0.06299225 STANDARD
30 0 549 24 0.06272467 STANDARD
30 0 830 25 0.06017967 STANDARD
30 0 364 26 0.05963713 STANDARD
30 0 490 27 0.0578985 STANDARD
30 0 371 28 0.054348897 STANDARD
30 0 488 29 0.05225616 STANDARD
30 0 77 30 0.050097246 STANDARD
30 0 139 31 0.04794316 STANDARD
30 0 867 32 0.046120346 STANDARD
30 0 457 33 0.042630203 STANDARD
30 0 596 34 0.042233884 STANDARD
30 0 86 35 0.04150312 STANDARD
30 0 793 36 0.041407153 STANDARD
30 0 635 37 0.04124163 STANDARD
30 0 511 38 0.04042891 STANDARD
30 0 413 39 0.040221162 STANDARD
30 0 1013 40 0.039904624 STANDARD
30 0 776 41 0.039529484 STANDARD
30 0 249 42 0.0386701 STANDARD
30 0 340 43 0.037891164 STANDARD
30 0 528 44 0.03756472 STANDARD
30 0 351 45 0.03724867 STANDARD
30 0 58 46 0.036386758 STANDARD
30 0 1025 47 0.036114898 STANDARD
30 0 494 48 0.03608643 STANDARD
30 0 542 49 0.035566214 STANDARD
30 0 107 50 0.035557844 STANDARD
30 0 476 51 0.035342302 STANDARD
30 0 751 52 0.035342302 STANDARD
30 0 306 53 0.033690758 STANDARD
30 0 455 54 0.033248693 STANDARD
30 0 931 55 0.033190988 STANDARD
30 0 388 56 0.03309141 STANDARD
30 0 64 57 0.032956157 STANDARD
30 0 992 58 0.03260398 STANDARD
30 0 1003 59 0.032514077 STANDARD
30 0 175 60 0.032351114 STANDARD
30 0 740 61 0.032137025 STANDARD
30 0 487 62 0.032083552 STANDARD
30 0 319 63 0.031892896 STANDARD
30 0 780 64 0.031844627 STANDARD
30 0 993 65 0.031328246 STANDARD
30 0 299 66 0.031055365 STANDARD
30 0 989 67 0.030732913 STANDARD
30 0 239 68 0.03030533 STANDARD
30 0 922 69 0.030051777 STANDARD
30 0 393 70 0.029964475 STANDARD
30 0 982 71 0.02991893 STANDARD
30 0 718 72 0.029158633 STANDARD
30 0 442 73 0.028449817 STANDARD
30 0 1008 74 0.028348537 STANDARD
30 0 624 75 0.027883464 STANDARD
30 0 1032 76 0.027119976 STANDARD
30 0 116 77 0.026949378 STANDARD
30 0 995 78 0.026949378 STANDARD
30 0 326 79 0.026377236 STANDARD
30 0 370 80 0.02637617 STANDARD
30 0 533 81 0.026259525 STANDARD
30 0 547 82 0.02577602 STANDARD
30 0 604 83 0.02577602 STANDARD
30 0 827 84 0.025330698 STANDARD
30 0 472 85 0.024832448 STANDARD
30 0 468 86 0.024386134 STANDARD
30 0 136 87 0.023513181 STANDARD
30 0 670 88 0.022219095 STANDARD
30 0 994 89 0.022152415 STANDARD
30 0 231 90 0.022074135 STANDARD
30 0 53 91 0.021349056 STANDARD
30 0 243 92 0.02128342 STANDARD
30 0 983 93 0.021155879 STANDARD
30 0 915 94 0.021054218 STANDARD
30 0 759 95 0.020925364 STANDARD
30 0 291 96 0.020620815 STANDARD
30 0 20 97 0.02042982 STANDARD
30 0 831 98 0.020345466 STANDARD
30 0 736 99 0.020314757 STANDARD
30 0 209 100 0.020219447 STANDARD
